Sample	Library	End	Std	Pos	A	C	G	T	Total	G>A	C>T	A>G	T>C	A>C	A>T	C>G	C>A	T>G	T>A	G>C	G>T	A>-	T>-	C>-	G>-	->A	->T	->C	->G	S
*	*	3p	+	1	803	764	1223	776	3566	632	54	3	5	1	4	2	2	4	1	7	1	0	0	0	0	0	0	0	0	0
*	*	3p	+	2	882	770	1049	891	3592	357	46	11	4	3	4	0	2	1	1	0	1	0	0	0	0	0	0	0	0	0
*	*	3p	+	3	875	831	1076	822	3604	307	50	2	6	4	1	3	1	1	0	3	1	0	0	0	0	0	0	0	0	0
*	*	3p	+	4	919	816	940	929	3604	42	6	4	6	1	2	1	0	2	3	0	4	0	0	0	0	0	0	0	0	0
*	*	3p	+	5	932	876	844	953	3605	32	5	5	6	1	1	1	2	2	1	2	2	0	0	0	0	0	0	0	0	0
*	*	3p	+	6	925	914	867	896	3602	13	9	5	1	3	2	1	1	2	0	2	2	0	0	0	0	0	2	1	0	0
*	*	3p	+	7	948	807	903	947	3605	16	5	7	6	2	1	2	0	3	2	0	1	0	1	0	0	0	0	0	0	0
*	*	3p	+	8	950	837	877	941	3605	15	5	7	2	2	7	1	3	4	5	1	0	0	0	0	0	0	0	0	0	0
*	*	3p	+	9	967	845	883	909	3604	10	3	9	2	2	2	2	0	3	1	4	2	1	0	0	0	1	0	0	0	0
*	*	3p	+	10	949	827	871	957	3604	10	9	6	9	0	0	5	1	0	0	1	0	0	0	0	0	1	0	0	0	0
*	*	3p	+	11	955	862	847	941	3605	10	1	3	6	1	3	0	3	3	0	2	0	0	0	0	0	0	0	0	0	0
*	*	3p	+	12	977	855	881	891	3604	6	8	4	5	2	0	0	4	1	1	4	1	0	0	0	0	0	0	0	1	0
*	*	3p	+	13	972	827	877	928	3604	5	5	3	7	1	2	1	0	1	2	1	1	1	0	0	0	0	1	0	0	0
*	*	3p	+	14	941	860	871	933	3605	17	6	7	6	3	1	0	1	1	0	1	1	0	0	0	0	0	0	0	0	0
*	*	3p	+	15	941	858	845	961	3605	8	6	7	2	1	0	0	2	2	2	0	1	0	0	0	0	0	0	0	0	0
*	*	3p	+	16	909	863	929	903	3604	6	3	4	4	2	2	0	1	2	2	0	1	0	0	0	0	1	0	0	0	0
*	*	3p	+	17	956	827	876	945	3604	9	1	0	8	3	4	0	3	1	1	0	0	1	0	0	0	1	0	0	0	0
*	*	3p	+	18	906	891	854	953	3604	7	5	1	3	4	0	0	0	0	0	2	1	0	2	0	1	0	0	1	0	0
*	*	3p	+	19	917	865	857	966	3605	3	5	1	0	1	2	1	0	0	1	1	1	0	0	0	0	0	0	0	0	0
*	*	3p	+	20	965	822	870	948	3605	2	2	4	2	0	0	0	1	0	1	0	0	0	1	0	0	0	0	0	0	0
*	*	3p	+	21	966	863	854	922	3605	5	1	2	0	0	0	3	0	0	0	2	0	0	0	0	0	0	0	0	0	0
*	*	3p	+	22	933	874	846	952	3605	1	0	0	4	0	0	0	0	0	1	0	0	0	0	0	0	0	0	0	0	0
*	*	3p	+	23	959	866	835	945	3605	3	2	0	1	0	0	0	1	1	1	0	3	0	0	0	0	0	0	0	0	0
*	*	3p	+	24	986	819	856	943	3604	4	5	8	8	0	1	1	0	2	0	1	0	1	0	0	0	1	0	0	0	0
*	*	3p	+	25	922	882	853	944	3601	7	6	2	4	3	0	1	1	1	0	0	1	0	0	0	0	0	0	4	0	0
*	*	3p	+	26	939	834	855	976	3604	3	9	4	3	2	0	0	1	0	2	1	1	0	0	0	0	1	0	0	0	0
*	*	3p	+	27	936	845	890	933	3604	3	15	5	2	1	2	1	0	2	1	2	0	0	0	0	0	1	0	0	0	0
*	*	3p	+	28	940	876	841	947	3604	15	24	3	4	2	3	1	1	2	1	2	0	0	0	0	0	0	0	1	0	0
*	*	3p	+	29	937	907	848	913	3605	9	41	1	8	0	0	1	1	0	0	1	0	0	0	0	0	0	0	0	0	0
*	*	3p	+	30	920	931	837	916	3604	12	77	3	5	3	3	1	6	2	0	0	3	0	0	0	0	0	1	0	0	0
*	*	3p	+	31	882	888	839	913	3522	20	83	7	0	1	0	2	0	3	1	1	1	0	0	0	0	0	0	0	0	0
*	*	3p	+	32	842	909	788	899	3438	15	88	3	4	0	0	2	0	1	1	0	1	0	0	0	0	1	1	0	0	0
*	*	3p	+	33	801	905	811	835	3352	7	93	4	2	2	0	1	1	1	0	0	0	0	0	0	0	0	0	0	0	0
*	*	3p	+	34	809	825	774	845	3253	11	74	4	5	1	0	2	0	0	3	2	0	0	0	1	0	0	0	0	0	0
*	*	3p	+	35	837	839	714	792	3182	15	87	3	4	1	0	0	0	0	3	1	0	0	0	0	0	0	0	0	0	0
*	*	3p	+	36	789	815	715	766	3085	12	83	3	1	0	0	4	0	5	0	1	0	0	0	0	0	0	0	0	0	0
*	*	3p	+	37	790	784	717	715	3006	8	75	1	2	0	0	0	1	0	1	2	0	0	0	0	0	0	0	0	0	0
*	*	3p	+	38	751	722	681	774	2928	16	63	2	2	0	4	0	0	0	0	0	0	0	0	0	0	0	0	0	0	0
*	*	3p	+	39	733	763	655	695	2846	5	63	1	3	0	0	0	1	1	1	1	0	0	0	0	0	0	0	0	0	0
*	*	3p	+	40	712	716	623	709	2760	11	64	1	1	0	1	0	1	1	2	0	0	0	1	0	0	0	0	0	0	0
*	*	3p	+	41	690	704	611	656	2661	12	76	1	2	1	0	0	0	1	0	1	0	0	0	0	0	1	0	0	0	0
*	*	3p	+	42	659	660	589	621	2529	6	82	2	0	0	1	0	2	1	2	0	4	0	0	0	0	1	1	0	0	0
*	*	3p	+	43	600	648	542	623	2413	8	94	1	1	1	1	2	0	1	1	1	0	0	0	0	0	0	0	0	0	0
*	*	3p	+	44	601	608	548	518	2275	15	77	6	4	1	0	0	1	0	1	0	0	0	0	0	0	0	0	0	0	0
*	*	3p	+	45	531	554	498	539	2122	7	71	2	1	1	1	0	0	0	0	0	0	0	0	0	0	0	0	0	0	0
*	*	3p	+	46	493	520	474	497	1984	10	60	3	4	0	0	2	0	0	0	1	0	0	0	0	0	0	0	0	0	0
*	*	3p	+	47	477	472	452	457	1858	10	58	0	2	0	1	2	1	0	1	0	1	0	0	0	0	0	0	0	0	0
*	*	3p	+	48	413	470	411	448	1742	8	81	5	0	0	4	1	0	2	1	0	1	0	0	0	0	0	0	0	0	0
*	*	3p	+	49	428	414	377	413	1632	7	55	1	1	1	0	0	1	0	0	1	0	0	0	0	0	0	0	0	0	0
*	*	3p	+	50	389	405	358	361	1513	5	50	0	4	1	0	0	0	1	0	1	1	0	0	0	0	0	0	0	0	0
*	*	3p	+	51	343	371	356	329	1399	5	40	0	1	0	0	1	0	0	1	1	2	0	0	0	1	0	0	0	0	0
*	*	3p	+	52	319	340	317	346	1322	5	43	1	3	0	0	0	0	1	1	1	0	0	0	0	0	0	0	0	0	0
*	*	3p	+	53	336	319	302	272	1229	3	49	1	1	1	0	0	0	0	1	0	0	0	0	0	0	0	0	0	0	0
*	*	3p	+	54	271	297	268	306	1142	3	31	1	0	0	0	0	0	2	0	0	0	0	0	0	0	0	0	0	0	0
*	*	3p	+	55	246	321	242	276	1085	1	38	0	3	4	0	3	1	1	1	1	0	0	1	1	0	0	0	0	0	0
*	*	3p	+	56	229	267	221	288	1005	4	21	1	0	0	0	1	0	1	0	0	1	0	0	0	0	0	0	0	0	0
*	*	3p	+	57	204	249	249	250	952	3	33	2	1	0	0	0	0	1	1	0	0	0	0	0	0	0	0	0	0	0
*	*	3p	+	58	225	216	203	249	893	3	26	1	0	0	0	0	0	0	2	0	1	0	0	0	0	0	0	1	0	0
*	*	3p	+	59	213	229	191	194	827	1	33	0	1	0	0	0	0	0	0	2	0	0	0	0	0	0	1	0	0	0
*	*	3p	+	60	189	201	195	183	768	3	24	1	0	0	1	0	0	0	0	1	1	0	0	0	0	0	0	0	0	0
*	*	3p	+	61	173	219	151	174	717	4	27	1	2	0	0	0	0	0	0	0	0	0	0	0	0	0	0	0	0	0
*	*	3p	+	62	175	196	150	155	676	4	28	0	1	1	1	0	0	0	0	1	0	0	0	0	0	0	0	0	0	0
*	*	3p	+	63	144	190	136	161	631	1	28	0	0	0	0	0	0	0	0	0	1	0	0	0	0	0	0	0	0	0
*	*	3p	+	64	139	177	131	143	590	7	34	1	0	0	0	1	0	0	0	0	0	0	0	0	0	0	0	0	0	0
*	*	3p	+	65	140	138	122	129	529	1	24	1	0	0	0	0	0	0	0	0	0	0	0	0	0	0	0	0	0	0
*	*	3p	+	66	120	134	94	118	466	2	18	0	0	0	2	1	0	0	0	0	1	0	0	0	0	0	0	0	0	0
*	*	3p	+	67	103	119	105	96	423	1	18	1	0	0	0	0	1	0	0	0	2	0	0	0	0	0	0	0	1	0
*	*	3p	+	68	99	97	82	110	388	2	20	0	2	0	0	0	0	0	0	0	0	0	0	0	0	0	0	0	0	0
*	*	3p	+	69	83	113	67	93	356	2	20	1	0	0	1	0	0	0	0	0	0	0	0	0	0	0	1	0	0	0
*	*	3p	+	70	67	91	71	89	318	1	12	0	0	0	0	1	0	0	0	0	0	0	0	0	0	0	0	0	0	0
*	*	3p	+	71	70	66	75	81	292	2	11	1	0	0	0	1	0	0	0	0	0	0	0	0	0	0	0	0	0	0
*	*	3p	+	72	70	76	55	62	263	2	8	0	0	0	0	0	0	0	1	0	0	0	0	0	0	0	0	0	0	0
*	*	3p	+	73	49	81	45	52	227	3	37	1	0	0	0	0	0	0	0	0	0	0	0	0	0	0	0	0	0	0
*	*	3p	+	74	52	74	48	53	227	4	42	1	1	0	0	0	0	0	0	0	0	0	0	0	0	0	0	0	0	0
*	*	3p	+	75	33	109	37	48	227	5	80	0	0	0	0	0	0	0	0	0	0	0	0	0	0	0	0	0	0	0
*	*	3p	+	76	0	0	0	1	1	0	0	0	0	0	0	0	0	0	0	0	0	0	0	0	0	0	0	0	0	0
*	*	3p	+	77	0	0	0	0	0	0	0	0	0	0	0	0	0	0	0	0	0	0	0	0	0	0	0	0	0	0
*	*	3p	+	78	0	0	0	0	0	0	0	0	0	0	0	0	0	0	0	0	0	0	0	0	0	0	0	0	0	0
*	*	3p	+	79	0	0	0	0	0	0	0	0	0	0	0	0	0	0	0	0	0	0	0	0	0	0	0	0	0	0
*	*	3p	+	80	0	0	0	0	0	0	0	0	0	0	0	0	0	0	0	0	0	0	0	0	0	0	0	0	0	0
*	*	3p	+	81	0	0	0	0	0	0	0	0	0	0	0	0	0	0	0	0	0	0	0	0	0	0	0	0	0	0
*	*	3p	+	82	0	0	0	0	0	0	0	0	0	0	0	0	0	0	0	0	0	0	0	0	0	0	0	0	0	0
*	*	3p	+	83	0	0	0	0	0	0	0	0	0	0	0	0	0	0	0	0	0	0	0	0	0	0	0	0	0	0
*	*	3p	+	84	0	0	0	0	0	0	0	0	0	0	0	0	0	0	0	0	0	0	0	0	0	0	0	0	0	0
*	*	3p	+	85	0	0	0	0	0	0	0	0	0	0	0	0	0	0	0	0	0	0	0	0	0	0	0	0	0	0
*	*	3p	+	86	0	0	0	0	0	0	0	0	0	0	0	0	0	0	0	0	0	0	0	0	0	0	0	0	0	0
*	*	3p	+	87	0	0	0	0	0	0	0	0	0	0	0	0	0	0	0	0	0	0	0	0	0	0	0	0	0	0
*	*	3p	+	88	0	0	0	0	0	0	0	0	0	0	0	0	0	0	0	0	0	0	0	0	0	0	0	0	0	0
*	*	3p	+	89	0	0	0	0	0	0	0	0	0	0	0	0	0	0	0	0	0	0	0	0	0	0	0	0	0	0
*	*	3p	+	90	0	0	0	0	0	0	0	0	0	0	0	0	0	0	0	0	0	0	0	0	0	0	0	0	0	0
*	*	3p	+	91	0	0	0	0	0	0	0	0	0	0	0	0	0	0	0	0	0	0	0	0	0	0	0	0	0	0
*	*	3p	+	92	0	0	0	0	0	0	0	0	0	0	0	0	0	0	0	0	0	0	0	0	0	0	0	0	0	0
*	*	3p	+	93	0	0	0	0	0	0	0	0	0	0	0	0	0	0	0	0	0	0	0	0	0	0	0	0	0	0
*	*	3p	+	94	0	0	0	0	0	0	0	0	0	0	0	0	0	0	0	0	0	0	0	0	0	0	0	0	0	0
*	*	3p	+	95	0	0	0	0	0	0	0	0	0	0	0	0	0	0	0	0	0	0	0	0	0	0	0	0	0	0
*	*	3p	+	96	0	0	0	0	0	0	0	0	0	0	0	0	0	0	0	0	0	0	0	0	0	0	0	0	0	0
*	*	3p	+	97	0	0	0	0	0	0	0	0	0	0	0	0	0	0	0	0	0	0	0	0	0	0	0	0	0	0
*	*	3p	+	98	0	0	0	0	0	0	0	0	0	0	0	0	0	0	0	0	0	0	0	0	0	0	0	0	0	0
*	*	3p	+	99	0	0	0	0	0	0	0	0	0	0	0	0	0	0	0	0	0	0	0	0	0	0	0	0	0	0
*	*	3p	+	100	0	0	0	0	0	0	0	0	0	0	0	0	0	0	0	0	0	0	0	0	0	0	0	0	0	0
*	*	3p	+	101	0	0	0	0	0	0	0	0	0	0	0	0	0	0	0	0	0	0	0	0	0	0	0	0	0	0
*	*	3p	+	102	0	0	0	0	0	0	0	0	0	0	0	0	0	0	0	0	0	0	0	0	0	0	0	0	0	0
*	*	3p	+	103	0	0	0	0	0	0	0	0	0	0	0	0	0	0	0	0	0	0	0	0	0	0	0	0	0	0
*	*	3p	+	104	0	0	0	0	0	0	0	0	0	0	0	0	0	0	0	0	0	0	0	0	0	0	0	0	0	0
*	*	3p	+	105	0	0	0	0	0	0	0	0	0	0	0	0	0	0	0	0	0	0	0	0	0	0	0	0	0	0
*	*	3p	+	106	0	0	0	0	0	0	0	0	0	0	0	0	0	0	0	0	0	0	0	0	0	0	0	0	0	0
*	*	3p	+	107	0	0	0	0	0	0	0	0	0	0	0	0	0	0	0	0	0	0	0	0	0	0	0	0	0	0
*	*	3p	+	108	0	0	0	0	0	0	0	0	0	0	0	0	0	0	0	0	0	0	0	0	0	0	0	0	0	0
*	*	3p	+	109	0	0	0	0	0	0	0	0	0	0	0	0	0	0	0	0	0	0	0	0	0	0	0	0	0	0
*	*	3p	+	110	0	0	0	0	0	0	0	0	0	0	0	0	0	0	0	0	0	0	0	0	0	0	0	0	0	0
*	*	3p	+	111	0	0	0	0	0	0	0	0	0	0	0	0	0	0	0	0	0	0	0	0	0	0	0	0	0	0
*	*	3p	+	112	0	0	0	0	0	0	0	0	0	0	0	0	0	0	0	0	0	0	0	0	0	0	0	0	0	0
*	*	3p	+	113	0	0	0	0	0	0	0	0	0	0	0	0	0	0	0	0	0	0	0	0	0	0	0	0	0	0
*	*	3p	+	114	0	0	0	0	0	0	0	0	0	0	0	0	0	0	0	0	0	0	0	0	0	0	0	0	0	0
*	*	3p	+	115	0	0	0	0	0	0	0	0	0	0	0	0	0	0	0	0	0	0	0	0	0	0	0	0	0	0
*	*	3p	+	116	0	0	0	0	0	0	0	0	0	0	0	0	0	0	0	0	0	0	0	0	0	0	0	0	0	0
*	*	3p	+	117	0	0	0	0	0	0	0	0	0	0	0	0	0	0	0	0	0	0	0	0	0	0	0	0	0	0
*	*	3p	+	118	0	0	0	0	0	0	0	0	0	0	0	0	0	0	0	0	0	0	0	0	0	0	0	0	0	0
*	*	3p	+	119	0	0	0	0	0	0	0	0	0	0	0	0	0	0	0	0	0	0	0	0	0	0	0	0	0	0
*	*	3p	+	120	0	0	0	0	0	0	0	0	0	0	0	0	0	0	0	0	0	0	0	0	0	0	0	0	0	0
*	*	3p	+	121	0	0	0	0	0	0	0	0	0	0	0	0	0	0	0	0	0	0	0	0	0	0	0	0	0	0
*	*	3p	+	122	0	0	0	0	0	0	0	0	0	0	0	0	0	0	0	0	0	0	0	0	0	0	0	0	0	0
*	*	3p	+	123	0	0	0	0	0	0	0	0	0	0	0	0	0	0	0	0	0	0	0	0	0	0	0	0	0	0
*	*	3p	+	124	0	0	0	0	0	0	0	0	0	0	0	0	0	0	0	0	0	0	0	0	0	0	0	0	0	0
*	*	3p	+	125	0	0	0	0	0	0	0	0	0	0	0	0	0	0	0	0	0	0	0	0	0	0	0	0	0	0
*	*	3p	+	126	0	0	0	0	0	0	0	0	0	0	0	0	0	0	0	0	0	0	0	0	0	0	0	0	0	0
*	*	3p	+	127	0	0	0	0	0	0	0	0	0	0	0	0	0	0	0	0	0	0	0	0	0	0	0	0	0	0
*	*	3p	+	128	0	0	0	0	0	0	0	0	0	0	0	0	0	0	0	0	0	0	0	0	0	0	0	0	0	0
*	*	3p	+	129	0	0	0	0	0	0	0	0	0	0	0	0	0	0	0	0	0	0	0	0	0	0	0	0	0	0
*	*	3p	+	130	0	0	0	0	0	0	0	0	0	0	0	0	0	0	0	0	0	0	0	0	0	0	0	0	0	0
*	*	3p	+	131	0	0	0	0	0	0	0	0	0	0	0	0	0	0	0	0	0	0	0	0	0	0	0	0	0	0
*	*	3p	+	132	0	0	0	0	0	0	0	0	0	0	0	0	0	0	0	0	0	0	0	0	0	0	0	0	0	0
*	*	3p	+	133	0	0	0	0	0	0	0	0	0	0	0	0	0	0	0	0	0	0	0	0	0	0	0	0	0	0
*	*	3p	+	134	0	0	0	0	0	0	0	0	0	0	0	0	0	0	0	0	0	0	0	0	0	0	0	0	0	0
*	*	3p	+	135	0	0	0	0	0	0	0	0	0	0	0	0	0	0	0	0	0	0	0	0	0	0	0	0	0	0
*	*	3p	+	136	0	0	0	0	0	0	0	0	0	0	0	0	0	0	0	0	0	0	0	0	0	0	0	0	0	0
*	*	3p	+	137	0	0	0	0	0	0	0	0	0	0	0	0	0	0	0	0	0	0	0	0	0	0	0	0	0	0
*	*	3p	+	138	0	0	0	0	0	0	0	0	0	0	0	0	0	0	0	0	0	0	0	0	0	0	0	0	0	0
*	*	3p	+	139	0	0	0	0	0	0	0	0	0	0	0	0	0	0	0	0	0	0	0	0	0	0	0	0	0	0
*	*	3p	+	140	0	0	0	0	0	0	0	0	0	0	0	0	0	0	0	0	0	0	0	0	0	0	0	0	0	0
*	*	3p	+	141	0	0	0	0	0	0	0	0	0	0	0	0	0	0	0	0	0	0	0	0	0	0	0	0	0	0
*	*	3p	+	142	0	0	0	0	0	0	0	0	0	0	0	0	0	0	0	0	0	0	0	0	0	0	0	0	0	0
*	*	3p	+	143	0	0	0	0	0	0	0	0	0	0	0	0	0	0	0	0	0	0	0	0	0	0	0	0	0	0
*	*	3p	+	144	0	0	0	0	0	0	0	0	0	0	0	0	0	0	0	0	0	0	0	0	0	0	0	0	0	0
*	*	3p	+	145	0	0	0	0	0	0	0	0	0	0	0	0	0	0	0	0	0	0	0	0	0	0	0	0	0	0
*	*	3p	+	146	0	0	0	0	0	0	0	0	0	0	0	0	0	0	0	0	0	0	0	0	0	0	0	0	0	0
*	*	3p	+	147	0	0	0	0	0	0	0	0	0	0	0	0	0	0	0	0	0	0	0	0	0	0	0	0	0	0
*	*	3p	+	148	0	0	0	0	0	0	0	0	0	0	0	0	0	0	0	0	0	0	0	0	0	0	0	0	0	0
*	*	3p	+	149	0	0	0	0	0	0	0	0	0	0	0	0	0	0	0	0	0	0	0	0	0	0	0	0	0	0
*	*	3p	+	150	0	0	0	0	0	0	0	0	0	0	0	0	0	0	0	0	0	0	0	0	0	0	0	0	0	0
*	*	3p	+	151	0	0	0	0	0	0	0	0	0	0	0	0	0	0	0	0	0	0	0	0	0	0	0	0	0	0
*	*	3p	+	152	0	0	0	0	0	0	0	0	0	0	0	0	0	0	0	0	0	0	0	0	0	0	0	0	0	0
*	*	3p	+	153	0	0	0	0	0	0	0	0	0	0	0	0	0	0	0	0	0	0	0	0	0	0	0	0	0	0
*	*	3p	+	154	0	0	0	0	0	0	0	0	0	0	0	0	0	0	0	0	0	0	0	0	0	0	0	0	0	0
*	*	3p	+	155	0	0	0	0	0	0	0	0	0	0	0	0	0	0	0	0	0	0	0	0	0	0	0	0	0	0
*	*	3p	+	156	0	0	0	0	0	0	0	0	0	0	0	0	0	0	0	0	0	0	0	0	0	0	0	0	0	0
*	*	3p	+	157	0	0	0	0	0	0	0	0	0	0	0	0	0	0	0	0	0	0	0	0	0	0	0	0	0	0
*	*	3p	+	158	0	0	0	0	0	0	0	0	0	0	0	0	0	0	0	0	0	0	0	0	0	0	0	0	0	0
*	*	3p	+	159	0	0	0	0	0	0	0	0	0	0	0	0	0	0	0	0	0	0	0	0	0	0	0	0	0	0
*	*	3p	+	160	0	0	0	0	0	0	0	0	0	0	0	0	0	0	0	0	0	0	0	0	0	0	0	0	0	0
*	*	3p	+	161	0	0	0	0	0	0	0	0	0	0	0	0	0	0	0	0	0	0	0	0	0	0	0	0	0	0
*	*	3p	+	162	0	0	0	0	0	0	0	0	0	0	0	0	0	0	0	0	0	0	0	0	0	0	0	0	0	0
*	*	3p	+	163	0	0	0	0	0	0	0	0	0	0	0	0	0	0	0	0	0	0	0	0	0	0	0	0	0	0
*	*	3p	+	164	0	0	0	0	0	0	0	0	0	0	0	0	0	0	0	0	0	0	0	0	0	0	0	0	0	0
*	*	3p	+	165	0	0	0	0	0	0	0	0	0	0	0	0	0	0	0	0	0	0	0	0	0	0	0	0	0	0
*	*	3p	+	166	0	0	0	0	0	0	0	0	0	0	0	0	0	0	0	0	0	0	0	0	0	0	0	0	0	0
*	*	3p	+	167	0	0	0	0	0	0	0	0	0	0	0	0	0	0	0	0	0	0	0	0	0	0	0	0	0	0
*	*	3p	+	168	0	0	0	0	0	0	0	0	0	0	0	0	0	0	0	0	0	0	0	0	0	0	0	0	0	0
*	*	3p	+	169	0	0	0	0	0	0	0	0	0	0	0	0	0	0	0	0	0	0	0	0	0	0	0	0	0	0
*	*	3p	+	170	0	0	0	0	0	0	0	0	0	0	0	0	0	0	0	0	0	0	0	0	0	0	0	0	0	0
*	*	3p	+	171	0	0	0	0	0	0	0	0	0	0	0	0	0	0	0	0	0	0	0	0	0	0	0	0	0	0
*	*	3p	+	172	0	0	0	0	0	0	0	0	0	0	0	0	0	0	0	0	0	0	0	0	0	0	0	0	0	0
*	*	3p	+	173	0	0	0	0	0	0	0	0	0	0	0	0	0	0	0	0	0	0	0	0	0	0	0	0	0	0
*	*	3p	+	174	0	0	0	0	0	0	0	0	0	0	0	0	0	0	0	0	0	0	0	0	0	0	0	0	0	0
*	*	3p	+	175	0	0	0	0	0	0	0	0	0	0	0	0	0	0	0	0	0	0	0	0	0	0	0	0	0	0
*	*	3p	+	176	0	0	0	0	0	0	0	0	0	0	0	0	0	0	0	0	0	0	0	0	0	0	0	0	0	0
*	*	3p	+	177	0	0	0	0	0	0	0	0	0	0	0	0	0	0	0	0	0	0	0	0	0	0	0	0	0	0
*	*	3p	+	178	0	0	0	0	0	0	0	0	0	0	0	0	0	0	0	0	0	0	0	0	0	0	0	0	0	0
*	*	3p	+	179	0	0	0	0	0	0	0	0	0	0	0	0	0	0	0	0	0	0	0	0	0	0	0	0	0	0
*	*	3p	+	180	0	0	0	0	0	0	0	0	0	0	0	0	0	0	0	0	0	0	0	0	0	0	0	0	0	0
*	*	3p	+	181	0	0	0	0	0	0	0	0	0	0	0	0	0	0	0	0	0	0	0	0	0	0	0	0	0	0
*	*	3p	+	182	0	0	0	0	0	0	0	0	0	0	0	0	0	0	0	0	0	0	0	0	0	0	0	0	0	0
*	*	3p	+	183	0	0	0	0	0	0	0	0	0	0	0	0	0	0	0	0	0	0	0	0	0	0	0	0	0	0
*	*	3p	+	184	0	0	0	0	0	0	0	0	0	0	0	0	0	0	0	0	0	0	0	0	0	0	0	0	0	0
*	*	3p	+	185	0	0	0	0	0	0	0	0	0	0	0	0	0	0	0	0	0	0	0	0	0	0	0	0	0	0
*	*	3p	+	186	0	0	0	0	0	0	0	0	0	0	0	0	0	0	0	0	0	0	0	0	0	0	0	0	0	0
*	*	3p	+	187	0	0	0	0	0	0	0	0	0	0	0	0	0	0	0	0	0	0	0	0	0	0	0	0	0	0
*	*	3p	+	188	0	0	0	0	0	0	0	0	0	0	0	0	0	0	0	0	0	0	0	0	0	0	0	0	0	0
*	*	3p	+	189	0	0	0	0	0	0	0	0	0	0	0	0	0	0	0	0	0	0	0	0	0	0	0	0	0	0
*	*	3p	+	190	0	0	0	0	0	0	0	0	0	0	0	0	0	0	0	0	0	0	0	0	0	0	0	0	0	0
*	*	3p	+	191	0	0	0	0	0	0	0	0	0	0	0	0	0	0	0	0	0	0	0	0	0	0	0	0	0	0
*	*	3p	+	192	0	0	0	0	0	0	0	0	0	0	0	0	0	0	0	0	0	0	0	0	0	0	0	0	0	0
*	*	3p	+	193	0	0	0	0	0	0	0	0	0	0	0	0	0	0	0	0	0	0	0	0	0	0	0	0	0	0
*	*	3p	+	194	0	0	0	0	0	0	0	0	0	0	0	0	0	0	0	0	0	0	0	0	0	0	0	0	0	0
*	*	3p	+	195	0	0	0	0	0	0	0	0	0	0	0	0	0	0	0	0	0	0	0	0	0	0	0	0	0	0
*	*	3p	+	196	0	0	0	0	0	0	0	0	0	0	0	0	0	0	0	0	0	0	0	0	0	0	0	0	0	0
*	*	3p	+	197	0	0	0	0	0	0	0	0	0	0	0	0	0	0	0	0	0	0	0	0	0	0	0	0	0	0
*	*	3p	+	198	0	0	0	0	0	0	0	0	0	0	0	0	0	0	0	0	0	0	0	0	0	0	0	0	0	0
*	*	3p	+	199	0	0	0	0	0	0	0	0	0	0	0	0	0	0	0	0	0	0	0	0	0	0	0	0	0	0
*	*	3p	+	200	0	0	0	0	0	0	0	0	0	0	0	0	0	0	0	0	0	0	0	0	0	0	0	0	0	0
*	*	3p	-	1	684	749	1562	614	3609	1068	91	9	6	2	4	1	4	1	2	0	3	0	0	0	0	0	0	0	0	0
*	*	3p	-	2	817	661	1332	819	3629	696	116	3	7	4	5	1	5	1	4	5	2	0	0	0	0	0	0	0	0	0
*	*	3p	-	3	861	759	1192	836	3648	501	99	8	9	1	4	3	3	3	4	2	1	0	0	0	0	0	0	0	0	0
*	*	3p	-	4	976	849	889	934	3648	68	4	9	16	6	2	1	1	6	1	3	4	0	0	0	0	0	0	0	0	0
*	*	3p	-	5	937	885	887	937	3646	42	4	4	6	1	3	0	2	5	1	2	3	0	0	0	0	1	0	1	0	0
*	*	3p	-	6	997	882	860	909	3648	19	10	10	8	5	2	0	3	0	2	2	4	0	0	2	0	0	0	0	0	0
*	*	3p	-	7	953	859	889	946	3647	14	7	2	6	2	2	1	4	2	4	0	1	0	1	0	0	0	0	1	0	0
*	*	3p	-	8	987	860	888	912	3647	14	7	7	5	0	1	1	1	4	2	1	2	0	0	0	0	0	1	0	0	0
*	*	3p	-	9	990	851	897	909	3647	9	5	10	2	4	1	2	1	2	0	0	0	0	2	0	1	0	1	0	0	0
*	*	3p	-	10	923	841	929	955	3648	7	9	5	1	1	0	2	2	2	2	5	0	0	0	0	1	0	0	0	0	0
*	*	3p	-	11	933	832	926	954	3645	11	2	10	9	1	1	1	0	1	0	2	1	0	0	0	0	0	1	0	2	0
*	*	3p	-	12	928	866	904	949	3647	14	9	5	6	2	0	0	0	2	1	1	1	0	1	1	0	0	0	1	0	0
*	*	3p	-	13	950	856	918	924	3648	6	3	6	10	3	0	1	1	0	2	2	2	0	0	0	0	0	0	0	0	0
*	*	3p	-	14	942	885	809	1010	3646	12	5	4	5	0	2	0	1	3	1	1	3	0	0	0	0	1	0	0	1	0
*	*	3p	-	15	899	881	898	966	3644	4	6	3	8	1	2	0	2	0	3	0	1	0	0	0	0	1	1	1	1	0
*	*	3p	-	16	932	863	886	966	3647	2	3	2	7	2	0	0	0	0	5	1	0	0	0	0	0	0	1	0	0	0
*	*	3p	-	17	966	861	882	938	3647	6	5	3	6	0	0	3	1	2	0	0	1	0	0	0	0	1	0	0	0	0
*	*	3p	-	18	917	899	899	932	3647	5	7	1	5	0	2	1	1	0	1	2	2	1	0	0	0	0	1	0	0	0
*	*	3p	-	19	998	824	868	958	3648	5	2	3	3	0	0	3	1	0	2	0	2	0	0	0	0	0	0	0	0	0
*	*	3p	-	20	959	840	865	984	3648	0	5	2	3	1	0	1	1	0	0	0	1	0	0	0	0	0	0	0	0	0
*	*	3p	-	21	973	887	825	962	3647	5	3	3	5	0	0	1	0	0	2	0	0	0	0	0	0	0	1	0	0	0
*	*	3p	-	22	914	871	898	964	3647	0	2	3	3	0	0	0	1	0	0	1	1	0	0	0	0	0	0	1	0	0
*	*	3p	-	23	971	845	906	926	3648	2	1	4	0	3	1	0	1	1	1	2	0	1	0	0	0	0	0	0	0	0
*	*	3p	-	24	984	843	850	971	3648	4	3	0	2	0	1	0	0	0	2	0	0	0	0	0	0	0	0	0	0	0
*	*	3p	-	25	976	858	877	937	3648	6	2	4	2	0	0	0	0	0	0	1	0	0	0	3	0	0	0	0	0	0
*	*	3p	-	26	966	848	865	969	3648	5	4	4	3	0	1	0	0	2	1	1	0	0	0	0	0	0	0	0	0	0
*	*	3p	-	27	992	871	855	930	3648	5	5	1	4	0	1	0	0	2	2	1	0	0	0	0	0	0	0	0	0	0
*	*	3p	-	28	972	861	877	937	3647	6	3	3	5	2	1	1	3	1	0	3	1	0	0	0	1	0	0	0	1	0
*	*	3p	-	29	919	937	855	937	3648	0	6	2	3	0	1	2	1	2	0	0	0	0	0	0	0	0	0	0	0	0
*	*	3p	-	30	937	889	872	950	3648	6	9	5	3	0	1	0	2	0	4	1	2	0	1	0	0	0	0	0	0	0
*	*	3p	-	31	952	836	839	956	3583	5	8	3	0	0	3	0	3	0	1	0	1	0	0	0	0	0	0	0	1	0
*	*	3p	-	32	883	916	790	896	3485	3	5	9	2	3	1	3	0	2	1	0	1	0	0	1	0	0	0	0	0	0
*	*	3p	-	33	863	842	822	885	3412	10	5	3	3	5	0	0	0	1	0	0	1	1	0	0	0	0	0	1	0	0
*	*	3p	-	34	847	762	811	900	3320	4	3	4	5	1	1	1	1	1	1	0	2	0	0	0	0	0	0	1	0	0
*	*	3p	-	35	843	812	774	784	3213	3	8	2	5	2	1	1	1	1	2	0	0	0	1	0	0	0	0	0	0	0
*	*	3p	-	36	809	736	751	835	3131	5	9	5	2	1	0	0	0	1	2	0	0	0	0	0	0	0	0	0	0	0
*	*	3p	-	37	788	753	736	771	3048	5	5	2	3	0	0	0	2	2	0	0	1	0	0	0	0	0	0	0	0	0
*	*	3p	-	38	791	733	693	754	2971	0	15	6	2	0	0	1	1	0	1	1	0	0	0	0	0	0	0	0	0	0
*	*	3p	-	39	726	705	717	748	2896	4	32	3	4	1	0	1	0	4	0	1	1	0	0	0	0	0	1	0	0	0
*	*	3p	-	40	741	692	647	728	2808	9	49	2	2	0	3	1	3	2	1	0	1	0	0	0	0	0	0	0	0	0
*	*	3p	-	41	671	693	616	704	2684	10	52	4	8	0	1	0	0	2	0	1	0	0	0	0	0	0	0	0	0	0
*	*	3p	-	42	641	680	577	662	2560	15	71	3	2	1	0	1	0	1	1	1	2	0	0	0	0	0	0	0	0	0
*	*	3p	-	43	583	662	563	621	2429	11	73	3	6	1	3	0	1	3	0	2	0	0	0	0	0	0	0	0	0	0
*	*	3p	-	44	564	617	514	579	2274	11	60	3	3	2	1	0	1	0	2	0	1	0	0	0	0	0	1	1	0	0
*	*	3p	-	45	530	517	490	583	2120	14	61	3	0	0	0	1	4	2	0	0	1	1	0	0	0	0	0	0	0	0
*	*	3p	-	46	509	521	459	505	1994	7	48	3	1	1	1	0	0	0	0	2	0	0	0	0	0	0	0	0	0	0
*	*	3p	-	47	495	484	429	464	1872	9	59	2	4	1	1	1	0	0	0	1	1	0	0	0	0	0	0	0	0	0
*	*	3p	-	48	414	485	402	446	1747	2	42	1	1	1	0	0	2	0	0	0	0	0	0	1	0	0	0	0	0	0
*	*	3p	-	49	414	430	373	418	1635	1	66	1	5	0	2	0	0	0	0	1	0	0	0	0	0	0	0	0	1	0
*	*	3p	-	50	401	388	335	409	1533	6	39	2	1	1	0	0	0	0	0	0	0	0	0	0	0	1	0	0	0	0
*	*	3p	-	51	368	384	298	373	1423	2	53	3	1	1	0	0	1	1	2	0	1	0	0	0	0	0	0	0	0	0
*	*	3p	-	52	355	315	294	350	1314	2	42	1	0	0	0	0	1	0	0	1	1	0	0	0	0	0	0	0	0	0
*	*	3p	-	53	302	331	281	307	1221	8	39	3	2	0	0	0	1	0	0	1	1	1	0	0	0	0	0	0	0	0
*	*	3p	-	54	257	287	286	301	1131	1	26	2	1	0	0	1	2	0	0	1	0	0	0	0	0	0	0	0	0	0
*	*	3p	-	55	269	258	255	278	1060	4	32	0	3	0	0	2	1	0	0	1	0	0	0	0	0	0	0	0	0	0
*	*	3p	-	56	237	290	231	227	985	2	18	0	2	0	1	0	0	0	1	0	1	0	0	0	0	0	0	0	0	0
*	*	3p	-	57	234	241	218	238	931	4	31	1	0	1	0	1	1	0	0	0	0	0	0	0	0	1	0	0	0	0
*	*	3p	-	58	206	253	187	223	869	2	31	0	0	0	0	1	0	0	0	0	0	0	0	0	0	0	0	0	0	0
*	*	3p	-	59	189	203	185	228	805	0	20	1	0	0	0	2	0	1	0	0	0	0	0	0	0	0	0	0	0	0
*	*	3p	-	60	205	204	156	195	760	2	24	1	0	0	1	0	0	0	0	1	0	0	0	0	0	0	0	0	0	0
*	*	3p	-	61	186	200	151	168	705	4	28	0	0	1	0	0	0	0	0	0	0	0	0	0	0	0	0	0	0	0
*	*	3p	-	62	171	170	147	167	655	5	23	1	0	0	0	0	0	1	1	0	0	0	0	0	0	0	0	1	0	0
*	*	3p	-	63	146	167	141	156	610	2	23	1	0	0	0	0	0	0	0	0	0	0	0	0	0	0	0	0	0	0
*	*	3p	-	64	111	157	133	156	557	3	35	0	0	0	0	1	0	1	0	0	1	0	0	0	0	0	0	0	0	0
*	*	3p	-	65	121	121	139	122	503	3	15	0	2	0	1	0	0	0	0	0	1	0	0	0	0	0	0	0	0	0
*	*	3p	-	66	111	132	88	128	459	3	27	1	1	1	0	1	0	0	1	0	0	0	0	0	0	0	0	0	0	0
*	*	3p	-	67	91	126	94	105	416	3	28	1	1	0	0	0	0	0	0	0	0	0	0	0	0	0	0	0	0	0
*	*	3p	-	68	100	98	85	92	375	1	18	1	0	0	1	0	0	0	1	0	0	0	0	0	0	0	0	0	0	0
*	*	3p	-	69	82	91	79	74	326	2	15	1	0	0	2	0	0	0	0	1	0	0	0	0	0	0	0	0	0	0
*	*	3p	-	70	74	89	67	63	293	2	16	0	1	0	0	0	0	0	1	0	0	0	0	0	0	0	0	0	0	0
*	*	3p	-	71	64	76	63	59	262	1	8	0	0	0	0	0	0	0	0	0	0	0	0	0	0	0	0	0	0	0
*	*	3p	-	72	53	76	52	59	240	0	10	0	0	0	0	0	0	0	0	0	0	0	0	0	0	0	0	0	0	0
*	*	3p	-	73	57	71	37	53	218	1	22	0	1	0	0	0	0	0	0	0	0	0	0	0	0	0	0	0	0	0
*	*	3p	-	74	39	99	31	49	218	3	59	0	0	0	0	0	0	0	0	0	0	0	0	0	0	0	0	0	0	0
*	*	3p	-	75	34	105	37	42	218	6	68	0	1	0	0	0	0	0	0	0	0	0	0	0	0	0	0	0	0	0
*	*	3p	-	76	0	0	1	0	1	0	0	0	0	0	0	0	0	0	0	0	0	0	0	0	0	0	0	0	0	0
*	*	3p	-	77	0	0	0	0	0	0	0	0	0	0	0	0	0	0	0	0	0	0	0	0	0	0	0	0	0	0
*	*	3p	-	78	0	0	0	0	0	0	0	0	0	0	0	0	0	0	0	0	0	0	0	0	0	0	0	0	0	0
*	*	3p	-	79	0	0	0	0	0	0	0	0	0	0	0	0	0	0	0	0	0	0	0	0	0	0	0	0	0	0
*	*	3p	-	80	0	0	0	0	0	0	0	0	0	0	0	0	0	0	0	0	0	0	0	0	0	0	0	0	0	0
*	*	3p	-	81	0	0	0	0	0	0	0	0	0	0	0	0	0	0	0	0	0	0	0	0	0	0	0	0	0	0
*	*	3p	-	82	0	0	0	0	0	0	0	0	0	0	0	0	0	0	0	0	0	0	0	0	0	0	0	0	0	0
*	*	3p	-	83	0	0	0	0	0	0	0	0	0	0	0	0	0	0	0	0	0	0	0	0	0	0	0	0	0	0
*	*	3p	-	84	0	0	0	0	0	0	0	0	0	0	0	0	0	0	0	0	0	0	0	0	0	0	0	0	0	0
*	*	3p	-	85	0	0	0	0	0	0	0	0	0	0	0	0	0	0	0	0	0	0	0	0	0	0	0	0	0	0
*	*	3p	-	86	0	0	0	0	0	0	0	0	0	0	0	0	0	0	0	0	0	0	0	0	0	0	0	0	0	0
*	*	3p	-	87	0	0	0	0	0	0	0	0	0	0	0	0	0	0	0	0	0	0	0	0	0	0	0	0	0	0
*	*	3p	-	88	0	0	0	0	0	0	0	0	0	0	0	0	0	0	0	0	0	0	0	0	0	0	0	0	0	0
*	*	3p	-	89	0	0	0	0	0	0	0	0	0	0	0	0	0	0	0	0	0	0	0	0	0	0	0	0	0	0
*	*	3p	-	90	0	0	0	0	0	0	0	0	0	0	0	0	0	0	0	0	0	0	0	0	0	0	0	0	0	0
*	*	3p	-	91	0	0	0	0	0	0	0	0	0	0	0	0	0	0	0	0	0	0	0	0	0	0	0	0	0	0
*	*	3p	-	92	0	0	0	0	0	0	0	0	0	0	0	0	0	0	0	0	0	0	0	0	0	0	0	0	0	0
*	*	3p	-	93	0	0	0	0	0	0	0	0	0	0	0	0	0	0	0	0	0	0	0	0	0	0	0	0	0	0
*	*	3p	-	94	0	0	0	0	0	0	0	0	0	0	0	0	0	0	0	0	0	0	0	0	0	0	0	0	0	0
*	*	3p	-	95	0	0	0	0	0	0	0	0	0	0	0	0	0	0	0	0	0	0	0	0	0	0	0	0	0	0
*	*	3p	-	96	0	0	0	0	0	0	0	0	0	0	0	0	0	0	0	0	0	0	0	0	0	0	0	0	0	0
*	*	3p	-	97	0	0	0	0	0	0	0	0	0	0	0	0	0	0	0	0	0	0	0	0	0	0	0	0	0	0
*	*	3p	-	98	0	0	0	0	0	0	0	0	0	0	0	0	0	0	0	0	0	0	0	0	0	0	0	0	0	0
*	*	3p	-	99	0	0	0	0	0	0	0	0	0	0	0	0	0	0	0	0	0	0	0	0	0	0	0	0	0	0
*	*	3p	-	100	0	0	0	0	0	0	0	0	0	0	0	0	0	0	0	0	0	0	0	0	0	0	0	0	0	0
*	*	3p	-	101	0	0	0	0	0	0	0	0	0	0	0	0	0	0	0	0	0	0	0	0	0	0	0	0	0	0
*	*	3p	-	102	0	0	0	0	0	0	0	0	0	0	0	0	0	0	0	0	0	0	0	0	0	0	0	0	0	0
*	*	3p	-	103	0	0	0	0	0	0	0	0	0	0	0	0	0	0	0	0	0	0	0	0	0	0	0	0	0	0
*	*	3p	-	104	0	0	0	0	0	0	0	0	0	0	0	0	0	0	0	0	0	0	0	0	0	0	0	0	0	0
*	*	3p	-	105	0	0	0	0	0	0	0	0	0	0	0	0	0	0	0	0	0	0	0	0	0	0	0	0	0	0
*	*	3p	-	106	0	0	0	0	0	0	0	0	0	0	0	0	0	0	0	0	0	0	0	0	0	0	0	0	0	0
*	*	3p	-	107	0	0	0	0	0	0	0	0	0	0	0	0	0	0	0	0	0	0	0	0	0	0	0	0	0	0
*	*	3p	-	108	0	0	0	0	0	0	0	0	0	0	0	0	0	0	0	0	0	0	0	0	0	0	0	0	0	0
*	*	3p	-	109	0	0	0	0	0	0	0	0	0	0	0	0	0	0	0	0	0	0	0	0	0	0	0	0	0	0
*	*	3p	-	110	0	0	0	0	0	0	0	0	0	0	0	0	0	0	0	0	0	0	0	0	0	0	0	0	0	0
*	*	3p	-	111	0	0	0	0	0	0	0	0	0	0	0	0	0	0	0	0	0	0	0	0	0	0	0	0	0	0
*	*	3p	-	112	0	0	0	0	0	0	0	0	0	0	0	0	0	0	0	0	0	0	0	0	0	0	0	0	0	0
*	*	3p	-	113	0	0	0	0	0	0	0	0	0	0	0	0	0	0	0	0	0	0	0	0	0	0	0	0	0	0
*	*	3p	-	114	0	0	0	0	0	0	0	0	0	0	0	0	0	0	0	0	0	0	0	0	0	0	0	0	0	0
*	*	3p	-	115	0	0	0	0	0	0	0	0	0	0	0	0	0	0	0	0	0	0	0	0	0	0	0	0	0	0
*	*	3p	-	116	0	0	0	0	0	0	0	0	0	0	0	0	0	0	0	0	0	0	0	0	0	0	0	0	0	0
*	*	3p	-	117	0	0	0	0	0	0	0	0	0	0	0	0	0	0	0	0	0	0	0	0	0	0	0	0	0	0
*	*	3p	-	118	0	0	0	0	0	0	0	0	0	0	0	0	0	0	0	0	0	0	0	0	0	0	0	0	0	0
*	*	3p	-	119	0	0	0	0	0	0	0	0	0	0	0	0	0	0	0	0	0	0	0	0	0	0	0	0	0	0
*	*	3p	-	120	0	0	0	0	0	0	0	0	0	0	0	0	0	0	0	0	0	0	0	0	0	0	0	0	0	0
*	*	3p	-	121	0	0	0	0	0	0	0	0	0	0	0	0	0	0	0	0	0	0	0	0	0	0	0	0	0	0
*	*	3p	-	122	0	0	0	0	0	0	0	0	0	0	0	0	0	0	0	0	0	0	0	0	0	0	0	0	0	0
*	*	3p	-	123	0	0	0	0	0	0	0	0	0	0	0	0	0	0	0	0	0	0	0	0	0	0	0	0	0	0
*	*	3p	-	124	0	0	0	0	0	0	0	0	0	0	0	0	0	0	0	0	0	0	0	0	0	0	0	0	0	0
*	*	3p	-	125	0	0	0	0	0	0	0	0	0	0	0	0	0	0	0	0	0	0	0	0	0	0	0	0	0	0
*	*	3p	-	126	0	0	0	0	0	0	0	0	0	0	0	0	0	0	0	0	0	0	0	0	0	0	0	0	0	0
*	*	3p	-	127	0	0	0	0	0	0	0	0	0	0	0	0	0	0	0	0	0	0	0	0	0	0	0	0	0	0
*	*	3p	-	128	0	0	0	0	0	0	0	0	0	0	0	0	0	0	0	0	0	0	0	0	0	0	0	0	0	0
*	*	3p	-	129	0	0	0	0	0	0	0	0	0	0	0	0	0	0	0	0	0	0	0	0	0	0	0	0	0	0
*	*	3p	-	130	0	0	0	0	0	0	0	0	0	0	0	0	0	0	0	0	0	0	0	0	0	0	0	0	0	0
*	*	3p	-	131	0	0	0	0	0	0	0	0	0	0	0	0	0	0	0	0	0	0	0	0	0	0	0	0	0	0
*	*	3p	-	132	0	0	0	0	0	0	0	0	0	0	0	0	0	0	0	0	0	0	0	0	0	0	0	0	0	0
*	*	3p	-	133	0	0	0	0	0	0	0	0	0	0	0	0	0	0	0	0	0	0	0	0	0	0	0	0	0	0
*	*	3p	-	134	0	0	0	0	0	0	0	0	0	0	0	0	0	0	0	0	0	0	0	0	0	0	0	0	0	0
*	*	3p	-	135	0	0	0	0	0	0	0	0	0	0	0	0	0	0	0	0	0	0	0	0	0	0	0	0	0	0
*	*	3p	-	136	0	0	0	0	0	0	0	0	0	0	0	0	0	0	0	0	0	0	0	0	0	0	0	0	0	0
*	*	3p	-	137	0	0	0	0	0	0	0	0	0	0	0	0	0	0	0	0	0	0	0	0	0	0	0	0	0	0
*	*	3p	-	138	0	0	0	0	0	0	0	0	0	0	0	0	0	0	0	0	0	0	0	0	0	0	0	0	0	0
*	*	3p	-	139	0	0	0	0	0	0	0	0	0	0	0	0	0	0	0	0	0	0	0	0	0	0	0	0	0	0
*	*	3p	-	140	0	0	0	0	0	0	0	0	0	0	0	0	0	0	0	0	0	0	0	0	0	0	0	0	0	0
*	*	3p	-	141	0	0	0	0	0	0	0	0	0	0	0	0	0	0	0	0	0	0	0	0	0	0	0	0	0	0
*	*	3p	-	142	0	0	0	0	0	0	0	0	0	0	0	0	0	0	0	0	0	0	0	0	0	0	0	0	0	0
*	*	3p	-	143	0	0	0	0	0	0	0	0	0	0	0	0	0	0	0	0	0	0	0	0	0	0	0	0	0	0
*	*	3p	-	144	0	0	0	0	0	0	0	0	0	0	0	0	0	0	0	0	0	0	0	0	0	0	0	0	0	0
*	*	3p	-	145	0	0	0	0	0	0	0	0	0	0	0	0	0	0	0	0	0	0	0	0	0	0	0	0	0	0
*	*	3p	-	146	0	0	0	0	0	0	0	0	0	0	0	0	0	0	0	0	0	0	0	0	0	0	0	0	0	0
*	*	3p	-	147	0	0	0	0	0	0	0	0	0	0	0	0	0	0	0	0	0	0	0	0	0	0	0	0	0	0
*	*	3p	-	148	0	0	0	0	0	0	0	0	0	0	0	0	0	0	0	0	0	0	0	0	0	0	0	0	0	0
*	*	3p	-	149	0	0	0	0	0	0	0	0	0	0	0	0	0	0	0	0	0	0	0	0	0	0	0	0	0	0
*	*	3p	-	150	0	0	0	0	0	0	0	0	0	0	0	0	0	0	0	0	0	0	0	0	0	0	0	0	0	0
*	*	3p	-	151	0	0	0	0	0	0	0	0	0	0	0	0	0	0	0	0	0	0	0	0	0	0	0	0	0	0
*	*	3p	-	152	0	0	0	0	0	0	0	0	0	0	0	0	0	0	0	0	0	0	0	0	0	0	0	0	0	0
*	*	3p	-	153	0	0	0	0	0	0	0	0	0	0	0	0	0	0	0	0	0	0	0	0	0	0	0	0	0	0
*	*	3p	-	154	0	0	0	0	0	0	0	0	0	0	0	0	0	0	0	0	0	0	0	0	0	0	0	0	0	0
*	*	3p	-	155	0	0	0	0	0	0	0	0	0	0	0	0	0	0	0	0	0	0	0	0	0	0	0	0	0	0
*	*	3p	-	156	0	0	0	0	0	0	0	0	0	0	0	0	0	0	0	0	0	0	0	0	0	0	0	0	0	0
*	*	3p	-	157	0	0	0	0	0	0	0	0	0	0	0	0	0	0	0	0	0	0	0	0	0	0	0	0	0	0
*	*	3p	-	158	0	0	0	0	0	0	0	0	0	0	0	0	0	0	0	0	0	0	0	0	0	0	0	0	0	0
*	*	3p	-	159	0	0	0	0	0	0	0	0	0	0	0	0	0	0	0	0	0	0	0	0	0	0	0	0	0	0
*	*	3p	-	160	0	0	0	0	0	0	0	0	0	0	0	0	0	0	0	0	0	0	0	0	0	0	0	0	0	0
*	*	3p	-	161	0	0	0	0	0	0	0	0	0	0	0	0	0	0	0	0	0	0	0	0	0	0	0	0	0	0
*	*	3p	-	162	0	0	0	0	0	0	0	0	0	0	0	0	0	0	0	0	0	0	0	0	0	0	0	0	0	0
*	*	3p	-	163	0	0	0	0	0	0	0	0	0	0	0	0	0	0	0	0	0	0	0	0	0	0	0	0	0	0
*	*	3p	-	164	0	0	0	0	0	0	0	0	0	0	0	0	0	0	0	0	0	0	0	0	0	0	0	0	0	0
*	*	3p	-	165	0	0	0	0	0	0	0	0	0	0	0	0	0	0	0	0	0	0	0	0	0	0	0	0	0	0
*	*	3p	-	166	0	0	0	0	0	0	0	0	0	0	0	0	0	0	0	0	0	0	0	0	0	0	0	0	0	0
*	*	3p	-	167	0	0	0	0	0	0	0	0	0	0	0	0	0	0	0	0	0	0	0	0	0	0	0	0	0	0
*	*	3p	-	168	0	0	0	0	0	0	0	0	0	0	0	0	0	0	0	0	0	0	0	0	0	0	0	0	0	0
*	*	3p	-	169	0	0	0	0	0	0	0	0	0	0	0	0	0	0	0	0	0	0	0	0	0	0	0	0	0	0
*	*	3p	-	170	0	0	0	0	0	0	0	0	0	0	0	0	0	0	0	0	0	0	0	0	0	0	0	0	0	0
*	*	3p	-	171	0	0	0	0	0	0	0	0	0	0	0	0	0	0	0	0	0	0	0	0	0	0	0	0	0	0
*	*	3p	-	172	0	0	0	0	0	0	0	0	0	0	0	0	0	0	0	0	0	0	0	0	0	0	0	0	0	0
*	*	3p	-	173	0	0	0	0	0	0	0	0	0	0	0	0	0	0	0	0	0	0	0	0	0	0	0	0	0	0
*	*	3p	-	174	0	0	0	0	0	0	0	0	0	0	0	0	0	0	0	0	0	0	0	0	0	0	0	0	0	0
*	*	3p	-	175	0	0	0	0	0	0	0	0	0	0	0	0	0	0	0	0	0	0	0	0	0	0	0	0	0	0
*	*	3p	-	176	0	0	0	0	0	0	0	0	0	0	0	0	0	0	0	0	0	0	0	0	0	0	0	0	0	0
*	*	3p	-	177	0	0	0	0	0	0	0	0	0	0	0	0	0	0	0	0	0	0	0	0	0	0	0	0	0	0
*	*	3p	-	178	0	0	0	0	0	0	0	0	0	0	0	0	0	0	0	0	0	0	0	0	0	0	0	0	0	0
*	*	3p	-	179	0	0	0	0	0	0	0	0	0	0	0	0	0	0	0	0	0	0	0	0	0	0	0	0	0	0
*	*	3p	-	180	0	0	0	0	0	0	0	0	0	0	0	0	0	0	0	0	0	0	0	0	0	0	0	0	0	0
*	*	3p	-	181	0	0	0	0	0	0	0	0	0	0	0	0	0	0	0	0	0	0	0	0	0	0	0	0	0	0
*	*	3p	-	182	0	0	0	0	0	0	0	0	0	0	0	0	0	0	0	0	0	0	0	0	0	0	0	0	0	0
*	*	3p	-	183	0	0	0	0	0	0	0	0	0	0	0	0	0	0	0	0	0	0	0	0	0	0	0	0	0	0
*	*	3p	-	184	0	0	0	0	0	0	0	0	0	0	0	0	0	0	0	0	0	0	0	0	0	0	0	0	0	0
*	*	3p	-	185	0	0	0	0	0	0	0	0	0	0	0	0	0	0	0	0	0	0	0	0	0	0	0	0	0	0
*	*	3p	-	186	0	0	0	0	0	0	0	0	0	0	0	0	0	0	0	0	0	0	0	0	0	0	0	0	0	0
*	*	3p	-	187	0	0	0	0	0	0	0	0	0	0	0	0	0	0	0	0	0	0	0	0	0	0	0	0	0	0
*	*	3p	-	188	0	0	0	0	0	0	0	0	0	0	0	0	0	0	0	0	0	0	0	0	0	0	0	0	0	0
*	*	3p	-	189	0	0	0	0	0	0	0	0	0	0	0	0	0	0	0	0	0	0	0	0	0	0	0	0	0	0
*	*	3p	-	190	0	0	0	0	0	0	0	0	0	0	0	0	0	0	0	0	0	0	0	0	0	0	0	0	0	0
*	*	3p	-	191	0	0	0	0	0	0	0	0	0	0	0	0	0	0	0	0	0	0	0	0	0	0	0	0	0	0
*	*	3p	-	192	0	0	0	0	0	0	0	0	0	0	0	0	0	0	0	0	0	0	0	0	0	0	0	0	0	0
*	*	3p	-	193	0	0	0	0	0	0	0	0	0	0	0	0	0	0	0	0	0	0	0	0	0	0	0	0	0	0
*	*	3p	-	194	0	0	0	0	0	0	0	0	0	0	0	0	0	0	0	0	0	0	0	0	0	0	0	0	0	0
*	*	3p	-	195	0	0	0	0	0	0	0	0	0	0	0	0	0	0	0	0	0	0	0	0	0	0	0	0	0	0
*	*	3p	-	196	0	0	0	0	0	0	0	0	0	0	0	0	0	0	0	0	0	0	0	0	0	0	0	0	0	0
*	*	3p	-	197	0	0	0	0	0	0	0	0	0	0	0	0	0	0	0	0	0	0	0	0	0	0	0	0	0	0
*	*	3p	-	198	0	0	0	0	0	0	0	0	0	0	0	0	0	0	0	0	0	0	0	0	0	0	0	0	0	0
*	*	3p	-	199	0	0	0	0	0	0	0	0	0	0	0	0	0	0	0	0	0	0	0	0	0	0	0	0	0	0
*	*	3p	-	200	0	0	0	0	0	0	0	0	0	0	0	0	0	0	0	0	0	0	0	0	0	0	0	0	0	0
*	*	5p	+	1	680	1553	667	705	3605	82	1045	7	10	0	1	0	3	0	3	1	2	0	0	0	0	0	0	0	0	0
*	*	5p	+	2	856	1305	615	827	3603	68	675	7	5	4	4	3	1	3	1	0	1	0	0	0	0	1	1	0	0	0
*	*	5p	+	3	791	1226	743	845	3605	66	461	9	5	1	1	1	1	4	0	0	2	0	0	0	0	0	0	0	0	0
*	*	5p	+	4	960	870	856	918	3604	8	43	6	6	1	1	2	0	2	2	2	1	0	0	0	0	0	1	0	0	0
*	*	5p	+	5	888	866	882	968	3604	7	31	4	9	2	2	4	1	4	3	4	1	0	1	0	0	0	0	0	1	0
*	*	5p	+	6	914	907	848	934	3603	2	23	3	3	0	0	3	2	0	0	1	4	0	0	1	0	2	0	0	0	0
*	*	5p	+	7	915	907	862	920	3604	5	18	5	3	0	3	2	1	4	3	2	0	0	0	0	0	0	1	0	0	0
*	*	5p	+	8	956	847	856	946	3605	6	9	8	3	0	0	0	0	1	3	4	1	0	0	0	0	0	0	0	0	0
*	*	5p	+	9	920	916	890	879	3605	5	8	2	3	0	6	1	1	0	3	1	1	0	0	0	0	0	0	0	0	0
*	*	5p	+	10	970	857	898	880	3605	11	6	1	4	3	0	1	1	0	0	0	1	0	0	1	0	0	0	0	0	0
*	*	5p	+	11	929	899	842	935	3605	3	8	1	3	0	2	1	4	1	1	3	0	0	1	0	0	0	0	0	0	0
*	*	5p	+	12	892	907	816	989	3604	5	9	2	4	2	1	0	0	0	1	0	0	1	0	0	0	0	0	1	0	0
*	*	5p	+	13	959	858	840	948	3605	2	4	1	1	1	0	1	0	2	1	0	2	0	0	0	0	0	0	0	0	0
*	*	5p	+	14	959	904	843	894	3600	2	4	3	1	1	0	2	0	0	1	2	0	0	0	0	0	0	0	5	0	0
*	*	5p	+	15	913	852	884	955	3604	2	5	2	2	2	0	2	0	1	0	0	0	0	0	0	0	0	1	0	0	0
*	*	5p	+	16	947	820	888	950	3605	1	4	1	0	0	1	0	0	0	1	1	0	0	0	0	0	0	0	0	0	0
*	*	5p	+	17	961	839	875	929	3604	3	1	1	1	0	0	0	0	0	0	1	1	0	0	0	0	1	0	0	0	0
*	*	5p	+	18	925	819	849	1012	3605	2	7	5	1	0	1	0	3	1	1	0	0	0	0	0	0	0	0	0	0	0
*	*	5p	+	19	893	880	867	965	3605	3	6	1	0	0	0	0	0	1	1	1	0	0	0	0	0	0	0	0	0	0
*	*	5p	+	20	938	875	853	939	3605	4	0	2	2	0	0	0	0	1	0	0	0	0	0	0	0	0	0	0	0	0
*	*	5p	+	21	931	870	841	963	3605	4	1	0	0	1	0	7	0	0	1	0	0	0	0	0	0	0	0	0	0	0
*	*	5p	+	22	925	860	836	984	3605	3	2	0	1	0	3	0	0	2	0	0	1	0	0	0	0	0	0	0	0	0
*	*	5p	+	23	977	877	851	898	3603	2	0	2	0	0	4	0	3	0	1	0	0	0	0	0	0	1	1	0	0	0
*	*	5p	+	24	974	846	826	957	3603	3	3	2	0	0	1	0	0	0	0	1	0	0	0	0	0	2	0	0	0	0
*	*	5p	+	25	912	863	845	985	3605	2	2	2	3	1	0	0	0	0	1	0	0	0	0	0	0	0	0	0	0	0
*	*	5p	+	26	972	834	813	986	3605	2	3	3	1	2	0	0	2	2	2	0	0	0	0	0	1	0	0	0	0	0
*	*	5p	+	27	991	836	850	927	3604	4	0	3	2	1	1	0	2	0	1	1	0	0	0	0	0	0	0	1	0	0
*	*	5p	+	28	950	836	881	938	3605	1	3	4	1	0	0	0	0	3	0	0	2	0	0	0	0	0	0	0	0	0
*	*	5p	+	29	957	853	902	892	3604	9	3	5	2	1	1	0	0	0	2	2	1	0	2	0	1	0	0	0	1	0
*	*	5p	+	30	1011	883	827	884	3605	8	4	2	3	1	0	2	1	1	1	1	0	0	0	0	0	0	0	0	0	0
*	*	5p	+	31	920	812	836	954	3522	11	2	3	3	1	0	0	4	2	0	1	0	0	0	0	0	0	0	0	0	0
*	*	5p	+	32	918	822	847	853	3440	8	5	2	3	1	1	0	1	3	1	0	1	0	0	0	0	0	0	0	0	0
*	*	5p	+	33	854	787	843	868	3352	10	6	3	5	4	0	0	2	0	2	1	0	1	0	0	0	0	0	0	0	0
*	*	5p	+	34	838	793	778	843	3252	7	4	3	1	1	1	1	1	1	2	1	1	0	0	0	0	0	1	0	0	0
*	*	5p	+	35	818	789	756	819	3182	13	7	5	3	0	3	1	1	1	1	0	1	1	1	0	0	0	0	0	0	0
*	*	5p	+	36	792	797	723	773	3085	14	5	3	4	3	0	4	0	1	1	0	1	0	0	0	0	0	0	0	0	0
*	*	5p	+	37	803	682	745	776	3006	15	10	7	5	0	3	1	0	2	0	2	2	0	0	0	0	0	0	0	0	0
*	*	5p	+	38	774	696	691	766	2927	17	11	6	3	0	1	1	2	3	1	3	1	0	0	0	0	1	0	0	0	0
*	*	5p	+	39	717	694	724	711	2846	28	8	4	6	0	0	0	1	1	0	2	2	0	0	0	0	0	0	0	0	0
*	*	5p	+	40	727	636	678	719	2760	47	16	4	8	3	3	1	0	1	2	0	1	0	0	0	0	0	0	0	0	0
*	*	5p	+	41	678	611	716	657	2662	87	8	5	3	0	2	3	2	2	0	0	1	0	0	0	0	0	0	0	0	0
*	*	5p	+	42	628	632	613	658	2531	52	17	1	7	4	0	3	2	0	0	1	2	1	0	0	0	0	0	0	0	0
*	*	5p	+	43	617	583	658	555	2413	81	9	6	1	3	2	0	1	2	0	3	1	0	0	0	0	0	0	0	0	0
*	*	5p	+	44	588	541	581	565	2275	69	11	4	7	1	2	1	0	2	2	0	3	0	1	0	0	0	0	0	0	0
*	*	5p	+	45	528	491	564	538	2121	70	14	1	4	1	1	1	1	1	1	0	1	0	0	0	0	1	0	0	0	0
*	*	5p	+	46	510	473	516	485	1984	58	6	3	3	1	1	1	0	4	0	1	0	0	0	0	0	0	0	0	0	0
*	*	5p	+	47	460	409	519	470	1858	66	9	2	2	1	1	0	0	0	1	0	0	0	0	0	0	0	0	0	0	0
*	*	5p	+	48	456	409	465	412	1742	62	5	1	4	4	0	0	0	1	1	1	0	0	0	0	0	0	0	0	0	0
*	*	5p	+	49	415	361	448	407	1631	57	9	4	2	1	0	0	0	0	0	0	0	0	0	0	0	0	0	1	0	0
*	*	5p	+	50	374	368	412	359	1513	49	7	4	2	2	1	1	0	0	0	1	0	0	0	0	0	0	0	0	0	0
*	*	5p	+	51	362	332	362	343	1399	46	6	1	3	2	1	2	1	0	0	0	1	0	0	0	0	0	0	0	0	0
*	*	5p	+	52	335	300	360	324	1319	35	4	2	1	0	2	0	0	0	0	1	0	0	0	0	0	1	2	0	0	0
*	*	5p	+	53	300	290	317	322	1229	52	4	1	3	0	0	0	0	0	0	1	1	0	0	0	0	0	0	0	0	0
*	*	5p	+	54	273	274	317	278	1142	24	4	0	1	0	1	0	1	0	2	0	0	0	0	0	0	0	0	0	0	0
*	*	5p	+	55	269	245	284	287	1085	37	6	2	3	1	0	0	0	0	0	7	1	0	0	0	0	0	0	0	0	0
*	*	5p	+	56	261	227	274	243	1005	41	2	1	2	1	0	1	1	0	0	0	0	0	0	0	0	0	0	0	0	0
*	*	5p	+	57	225	232	258	237	952	35	4	1	2	0	2	0	0	0	0	1	0	0	0	0	0	0	0	0	0	0
*	*	5p	+	58	227	197	244	226	894	47	4	0	2	2	0	0	0	0	2	1	0	0	0	0	0	0	0	0	0	0
*	*	5p	+	59	211	197	219	201	828	32	4	0	2	0	0	0	0	1	1	0	0	0	0	0	0	0	0	0	0	0
*	*	5p	+	60	182	188	216	182	768	25	3	3	2	0	0	0	0	1	1	0	1	0	0	0	0	0	0	0	0	0
*	*	5p	+	61	165	162	192	198	717	29	1	2	0	0	1	0	0	0	0	0	1	0	0	0	0	0	0	0	0	0
*	*	5p	+	62	166	161	176	173	676	24	3	0	3	0	0	1	0	0	1	1	1	0	0	0	0	0	0	0	0	0
*	*	5p	+	63	163	146	173	149	631	33	5	3	2	0	0	0	0	1	0	1	0	0	0	0	0	0	0	0	0	0
*	*	5p	+	64	143	154	165	128	590	30	3	1	1	0	0	0	0	1	0	0	0	0	0	0	0	0	0	0	0	0
*	*	5p	+	65	130	127	142	130	529	25	4	2	0	0	0	0	0	2	0	0	0	0	0	0	0	0	0	0	0	0
*	*	5p	+	66	120	104	118	124	466	21	4	0	3	0	0	0	0	1	0	0	0	0	0	0	0	0	0	0	0	0
*	*	5p	+	67	97	99	130	98	424	20	0	0	0	1	1	0	0	0	0	1	1	0	0	0	0	0	0	0	0	0
*	*	5p	+	68	109	106	90	83	388	16	2	0	0	1	0	0	0	0	0	0	0	0	0	0	0	0	0	0	0	0
*	*	5p	+	69	88	83	95	91	357	19	0	1	0	0	0	0	0	0	0	0	0	0	0	0	0	0	0	0	0	0
*	*	5p	+	70	72	81	83	82	318	18	1	0	1	0	0	0	2	0	0	0	0	0	0	0	0	0	0	0	0	0
*	*	5p	+	71	74	59	80	79	292	16	0	0	0	2	0	0	0	0	0	1	0	0	0	0	0	0	0	0	0	0
*	*	5p	+	72	57	60	82	63	262	18	0	1	1	0	0	0	0	0	0	0	1	0	0	0	0	0	0	0	0	0
*	*	5p	+	73	59	48	73	46	226	21	6	0	0	0	0	0	0	0	0	0	0	0	0	0	0	0	0	0	0	0
*	*	5p	+	74	38	52	73	51	214	19	5	1	1	0	2	0	0	0	0	0	0	0	0	0	0	0	0	0	0	0
*	*	5p	+	75	39	49	63	37	188	20	4	0	0	0	0	1	0	0	0	0	0	0	0	0	0	0	0	0	0	0
*	*	5p	+	76	0	1	0	0	1	0	0	0	0	0	0	0	0	0	0	0	0	0	0	0	0	0	0	0	0	0
*	*	5p	+	77	0	0	0	0	0	0	0	0	0	0	0	0	0	0	0	0	0	0	0	0	0	0	0	0	0	0
*	*	5p	+	78	0	0	0	0	0	0	0	0	0	0	0	0	0	0	0	0	0	0	0	0	0	0	0	0	0	0
*	*	5p	+	79	0	0	0	0	0	0	0	0	0	0	0	0	0	0	0	0	0	0	0	0	0	0	0	0	0	0
*	*	5p	+	80	0	0	0	0	0	0	0	0	0	0	0	0	0	0	0	0	0	0	0	0	0	0	0	0	0	0
*	*	5p	+	81	0	0	0	0	0	0	0	0	0	0	0	0	0	0	0	0	0	0	0	0	0	0	0	0	0	0
*	*	5p	+	82	0	0	0	0	0	0	0	0	0	0	0	0	0	0	0	0	0	0	0	0	0	0	0	0	0	0
*	*	5p	+	83	0	0	0	0	0	0	0	0	0	0	0	0	0	0	0	0	0	0	0	0	0	0	0	0	0	0
*	*	5p	+	84	0	0	0	0	0	0	0	0	0	0	0	0	0	0	0	0	0	0	0	0	0	0	0	0	0	0
*	*	5p	+	85	0	0	0	0	0	0	0	0	0	0	0	0	0	0	0	0	0	0	0	0	0	0	0	0	0	0
*	*	5p	+	86	0	0	0	0	0	0	0	0	0	0	0	0	0	0	0	0	0	0	0	0	0	0	0	0	0	0
*	*	5p	+	87	0	0	0	0	0	0	0	0	0	0	0	0	0	0	0	0	0	0	0	0	0	0	0	0	0	0
*	*	5p	+	88	0	0	0	0	0	0	0	0	0	0	0	0	0	0	0	0	0	0	0	0	0	0	0	0	0	0
*	*	5p	+	89	0	0	0	0	0	0	0	0	0	0	0	0	0	0	0	0	0	0	0	0	0	0	0	0	0	0
*	*	5p	+	90	0	0	0	0	0	0	0	0	0	0	0	0	0	0	0	0	0	0	0	0	0	0	0	0	0	0
*	*	5p	+	91	0	0	0	0	0	0	0	0	0	0	0	0	0	0	0	0	0	0	0	0	0	0	0	0	0	0
*	*	5p	+	92	0	0	0	0	0	0	0	0	0	0	0	0	0	0	0	0	0	0	0	0	0	0	0	0	0	0
*	*	5p	+	93	0	0	0	0	0	0	0	0	0	0	0	0	0	0	0	0	0	0	0	0	0	0	0	0	0	0
*	*	5p	+	94	0	0	0	0	0	0	0	0	0	0	0	0	0	0	0	0	0	0	0	0	0	0	0	0	0	0
*	*	5p	+	95	0	0	0	0	0	0	0	0	0	0	0	0	0	0	0	0	0	0	0	0	0	0	0	0	0	0
*	*	5p	+	96	0	0	0	0	0	0	0	0	0	0	0	0	0	0	0	0	0	0	0	0	0	0	0	0	0	0
*	*	5p	+	97	0	0	0	0	0	0	0	0	0	0	0	0	0	0	0	0	0	0	0	0	0	0	0	0	0	0
*	*	5p	+	98	0	0	0	0	0	0	0	0	0	0	0	0	0	0	0	0	0	0	0	0	0	0	0	0	0	0
*	*	5p	+	99	0	0	0	0	0	0	0	0	0	0	0	0	0	0	0	0	0	0	0	0	0	0	0	0	0	0
*	*	5p	+	100	0	0	0	0	0	0	0	0	0	0	0	0	0	0	0	0	0	0	0	0	0	0	0	0	0	0
*	*	5p	+	101	0	0	0	0	0	0	0	0	0	0	0	0	0	0	0	0	0	0	0	0	0	0	0	0	0	0
*	*	5p	+	102	0	0	0	0	0	0	0	0	0	0	0	0	0	0	0	0	0	0	0	0	0	0	0	0	0	0
*	*	5p	+	103	0	0	0	0	0	0	0	0	0	0	0	0	0	0	0	0	0	0	0	0	0	0	0	0	0	0
*	*	5p	+	104	0	0	0	0	0	0	0	0	0	0	0	0	0	0	0	0	0	0	0	0	0	0	0	0	0	0
*	*	5p	+	105	0	0	0	0	0	0	0	0	0	0	0	0	0	0	0	0	0	0	0	0	0	0	0	0	0	0
*	*	5p	+	106	0	0	0	0	0	0	0	0	0	0	0	0	0	0	0	0	0	0	0	0	0	0	0	0	0	0
*	*	5p	+	107	0	0	0	0	0	0	0	0	0	0	0	0	0	0	0	0	0	0	0	0	0	0	0	0	0	0
*	*	5p	+	108	0	0	0	0	0	0	0	0	0	0	0	0	0	0	0	0	0	0	0	0	0	0	0	0	0	0
*	*	5p	+	109	0	0	0	0	0	0	0	0	0	0	0	0	0	0	0	0	0	0	0	0	0	0	0	0	0	0
*	*	5p	+	110	0	0	0	0	0	0	0	0	0	0	0	0	0	0	0	0	0	0	0	0	0	0	0	0	0	0
*	*	5p	+	111	0	0	0	0	0	0	0	0	0	0	0	0	0	0	0	0	0	0	0	0	0	0	0	0	0	0
*	*	5p	+	112	0	0	0	0	0	0	0	0	0	0	0	0	0	0	0	0	0	0	0	0	0	0	0	0	0	0
*	*	5p	+	113	0	0	0	0	0	0	0	0	0	0	0	0	0	0	0	0	0	0	0	0	0	0	0	0	0	0
*	*	5p	+	114	0	0	0	0	0	0	0	0	0	0	0	0	0	0	0	0	0	0	0	0	0	0	0	0	0	0
*	*	5p	+	115	0	0	0	0	0	0	0	0	0	0	0	0	0	0	0	0	0	0	0	0	0	0	0	0	0	0
*	*	5p	+	116	0	0	0	0	0	0	0	0	0	0	0	0	0	0	0	0	0	0	0	0	0	0	0	0	0	0
*	*	5p	+	117	0	0	0	0	0	0	0	0	0	0	0	0	0	0	0	0	0	0	0	0	0	0	0	0	0	0
*	*	5p	+	118	0	0	0	0	0	0	0	0	0	0	0	0	0	0	0	0	0	0	0	0	0	0	0	0	0	0
*	*	5p	+	119	0	0	0	0	0	0	0	0	0	0	0	0	0	0	0	0	0	0	0	0	0	0	0	0	0	0
*	*	5p	+	120	0	0	0	0	0	0	0	0	0	0	0	0	0	0	0	0	0	0	0	0	0	0	0	0	0	0
*	*	5p	+	121	0	0	0	0	0	0	0	0	0	0	0	0	0	0	0	0	0	0	0	0	0	0	0	0	0	0
*	*	5p	+	122	0	0	0	0	0	0	0	0	0	0	0	0	0	0	0	0	0	0	0	0	0	0	0	0	0	0
*	*	5p	+	123	0	0	0	0	0	0	0	0	0	0	0	0	0	0	0	0	0	0	0	0	0	0	0	0	0	0
*	*	5p	+	124	0	0	0	0	0	0	0	0	0	0	0	0	0	0	0	0	0	0	0	0	0	0	0	0	0	0
*	*	5p	+	125	0	0	0	0	0	0	0	0	0	0	0	0	0	0	0	0	0	0	0	0	0	0	0	0	0	0
*	*	5p	+	126	0	0	0	0	0	0	0	0	0	0	0	0	0	0	0	0	0	0	0	0	0	0	0	0	0	0
*	*	5p	+	127	0	0	0	0	0	0	0	0	0	0	0	0	0	0	0	0	0	0	0	0	0	0	0	0	0	0
*	*	5p	+	128	0	0	0	0	0	0	0	0	0	0	0	0	0	0	0	0	0	0	0	0	0	0	0	0	0	0
*	*	5p	+	129	0	0	0	0	0	0	0	0	0	0	0	0	0	0	0	0	0	0	0	0	0	0	0	0	0	0
*	*	5p	+	130	0	0	0	0	0	0	0	0	0	0	0	0	0	0	0	0	0	0	0	0	0	0	0	0	0	0
*	*	5p	+	131	0	0	0	0	0	0	0	0	0	0	0	0	0	0	0	0	0	0	0	0	0	0	0	0	0	0
*	*	5p	+	132	0	0	0	0	0	0	0	0	0	0	0	0	0	0	0	0	0	0	0	0	0	0	0	0	0	0
*	*	5p	+	133	0	0	0	0	0	0	0	0	0	0	0	0	0	0	0	0	0	0	0	0	0	0	0	0	0	0
*	*	5p	+	134	0	0	0	0	0	0	0	0	0	0	0	0	0	0	0	0	0	0	0	0	0	0	0	0	0	0
*	*	5p	+	135	0	0	0	0	0	0	0	0	0	0	0	0	0	0	0	0	0	0	0	0	0	0	0	0	0	0
*	*	5p	+	136	0	0	0	0	0	0	0	0	0	0	0	0	0	0	0	0	0	0	0	0	0	0	0	0	0	0
*	*	5p	+	137	0	0	0	0	0	0	0	0	0	0	0	0	0	0	0	0	0	0	0	0	0	0	0	0	0	0
*	*	5p	+	138	0	0	0	0	0	0	0	0	0	0	0	0	0	0	0	0	0	0	0	0	0	0	0	0	0	0
*	*	5p	+	139	0	0	0	0	0	0	0	0	0	0	0	0	0	0	0	0	0	0	0	0	0	0	0	0	0	0
*	*	5p	+	140	0	0	0	0	0	0	0	0	0	0	0	0	0	0	0	0	0	0	0	0	0	0	0	0	0	0
*	*	5p	+	141	0	0	0	0	0	0	0	0	0	0	0	0	0	0	0	0	0	0	0	0	0	0	0	0	0	0
*	*	5p	+	142	0	0	0	0	0	0	0	0	0	0	0	0	0	0	0	0	0	0	0	0	0	0	0	0	0	0
*	*	5p	+	143	0	0	0	0	0	0	0	0	0	0	0	0	0	0	0	0	0	0	0	0	0	0	0	0	0	0
*	*	5p	+	144	0	0	0	0	0	0	0	0	0	0	0	0	0	0	0	0	0	0	0	0	0	0	0	0	0	0
*	*	5p	+	145	0	0	0	0	0	0	0	0	0	0	0	0	0	0	0	0	0	0	0	0	0	0	0	0	0	0
*	*	5p	+	146	0	0	0	0	0	0	0	0	0	0	0	0	0	0	0	0	0	0	0	0	0	0	0	0	0	0
*	*	5p	+	147	0	0	0	0	0	0	0	0	0	0	0	0	0	0	0	0	0	0	0	0	0	0	0	0	0	0
*	*	5p	+	148	0	0	0	0	0	0	0	0	0	0	0	0	0	0	0	0	0	0	0	0	0	0	0	0	0	0
*	*	5p	+	149	0	0	0	0	0	0	0	0	0	0	0	0	0	0	0	0	0	0	0	0	0	0	0	0	0	0
*	*	5p	+	150	0	0	0	0	0	0	0	0	0	0	0	0	0	0	0	0	0	0	0	0	0	0	0	0	0	0
*	*	5p	+	151	0	0	0	0	0	0	0	0	0	0	0	0	0	0	0	0	0	0	0	0	0	0	0	0	0	0
*	*	5p	+	152	0	0	0	0	0	0	0	0	0	0	0	0	0	0	0	0	0	0	0	0	0	0	0	0	0	0
*	*	5p	+	153	0	0	0	0	0	0	0	0	0	0	0	0	0	0	0	0	0	0	0	0	0	0	0	0	0	0
*	*	5p	+	154	0	0	0	0	0	0	0	0	0	0	0	0	0	0	0	0	0	0	0	0	0	0	0	0	0	0
*	*	5p	+	155	0	0	0	0	0	0	0	0	0	0	0	0	0	0	0	0	0	0	0	0	0	0	0	0	0	0
*	*	5p	+	156	0	0	0	0	0	0	0	0	0	0	0	0	0	0	0	0	0	0	0	0	0	0	0	0	0	0
*	*	5p	+	157	0	0	0	0	0	0	0	0	0	0	0	0	0	0	0	0	0	0	0	0	0	0	0	0	0	0
*	*	5p	+	158	0	0	0	0	0	0	0	0	0	0	0	0	0	0	0	0	0	0	0	0	0	0	0	0	0	0
*	*	5p	+	159	0	0	0	0	0	0	0	0	0	0	0	0	0	0	0	0	0	0	0	0	0	0	0	0	0	0
*	*	5p	+	160	0	0	0	0	0	0	0	0	0	0	0	0	0	0	0	0	0	0	0	0	0	0	0	0	0	0
*	*	5p	+	161	0	0	0	0	0	0	0	0	0	0	0	0	0	0	0	0	0	0	0	0	0	0	0	0	0	0
*	*	5p	+	162	0	0	0	0	0	0	0	0	0	0	0	0	0	0	0	0	0	0	0	0	0	0	0	0	0	0
*	*	5p	+	163	0	0	0	0	0	0	0	0	0	0	0	0	0	0	0	0	0	0	0	0	0	0	0	0	0	0
*	*	5p	+	164	0	0	0	0	0	0	0	0	0	0	0	0	0	0	0	0	0	0	0	0	0	0	0	0	0	0
*	*	5p	+	165	0	0	0	0	0	0	0	0	0	0	0	0	0	0	0	0	0	0	0	0	0	0	0	0	0	0
*	*	5p	+	166	0	0	0	0	0	0	0	0	0	0	0	0	0	0	0	0	0	0	0	0	0	0	0	0	0	0
*	*	5p	+	167	0	0	0	0	0	0	0	0	0	0	0	0	0	0	0	0	0	0	0	0	0	0	0	0	0	0
*	*	5p	+	168	0	0	0	0	0	0	0	0	0	0	0	0	0	0	0	0	0	0	0	0	0	0	0	0	0	0
*	*	5p	+	169	0	0	0	0	0	0	0	0	0	0	0	0	0	0	0	0	0	0	0	0	0	0	0	0	0	0
*	*	5p	+	170	0	0	0	0	0	0	0	0	0	0	0	0	0	0	0	0	0	0	0	0	0	0	0	0	0	0
*	*	5p	+	171	0	0	0	0	0	0	0	0	0	0	0	0	0	0	0	0	0	0	0	0	0	0	0	0	0	0
*	*	5p	+	172	0	0	0	0	0	0	0	0	0	0	0	0	0	0	0	0	0	0	0	0	0	0	0	0	0	0
*	*	5p	+	173	0	0	0	0	0	0	0	0	0	0	0	0	0	0	0	0	0	0	0	0	0	0	0	0	0	0
*	*	5p	+	174	0	0	0	0	0	0	0	0	0	0	0	0	0	0	0	0	0	0	0	0	0	0	0	0	0	0
*	*	5p	+	175	0	0	0	0	0	0	0	0	0	0	0	0	0	0	0	0	0	0	0	0	0	0	0	0	0	0
*	*	5p	+	176	0	0	0	0	0	0	0	0	0	0	0	0	0	0	0	0	0	0	0	0	0	0	0	0	0	0
*	*	5p	+	177	0	0	0	0	0	0	0	0	0	0	0	0	0	0	0	0	0	0	0	0	0	0	0	0	0	0
*	*	5p	+	178	0	0	0	0	0	0	0	0	0	0	0	0	0	0	0	0	0	0	0	0	0	0	0	0	0	0
*	*	5p	+	179	0	0	0	0	0	0	0	0	0	0	0	0	0	0	0	0	0	0	0	0	0	0	0	0	0	0
*	*	5p	+	180	0	0	0	0	0	0	0	0	0	0	0	0	0	0	0	0	0	0	0	0	0	0	0	0	0	0
*	*	5p	+	181	0	0	0	0	0	0	0	0	0	0	0	0	0	0	0	0	0	0	0	0	0	0	0	0	0	0
*	*	5p	+	182	0	0	0	0	0	0	0	0	0	0	0	0	0	0	0	0	0	0	0	0	0	0	0	0	0	0
*	*	5p	+	183	0	0	0	0	0	0	0	0	0	0	0	0	0	0	0	0	0	0	0	0	0	0	0	0	0	0
*	*	5p	+	184	0	0	0	0	0	0	0	0	0	0	0	0	0	0	0	0	0	0	0	0	0	0	0	0	0	0
*	*	5p	+	185	0	0	0	0	0	0	0	0	0	0	0	0	0	0	0	0	0	0	0	0	0	0	0	0	0	0
*	*	5p	+	186	0	0	0	0	0	0	0	0	0	0	0	0	0	0	0	0	0	0	0	0	0	0	0	0	0	0
*	*	5p	+	187	0	0	0	0	0	0	0	0	0	0	0	0	0	0	0	0	0	0	0	0	0	0	0	0	0	0
*	*	5p	+	188	0	0	0	0	0	0	0	0	0	0	0	0	0	0	0	0	0	0	0	0	0	0	0	0	0	0
*	*	5p	+	189	0	0	0	0	0	0	0	0	0	0	0	0	0	0	0	0	0	0	0	0	0	0	0	0	0	0
*	*	5p	+	190	0	0	0	0	0	0	0	0	0	0	0	0	0	0	0	0	0	0	0	0	0	0	0	0	0	0
*	*	5p	+	191	0	0	0	0	0	0	0	0	0	0	0	0	0	0	0	0	0	0	0	0	0	0	0	0	0	0
*	*	5p	+	192	0	0	0	0	0	0	0	0	0	0	0	0	0	0	0	0	0	0	0	0	0	0	0	0	0	0
*	*	5p	+	193	0	0	0	0	0	0	0	0	0	0	0	0	0	0	0	0	0	0	0	0	0	0	0	0	0	0
*	*	5p	+	194	0	0	0	0	0	0	0	0	0	0	0	0	0	0	0	0	0	0	0	0	0	0	0	0	0	0
*	*	5p	+	195	0	0	0	0	0	0	0	0	0	0	0	0	0	0	0	0	0	0	0	0	0	0	0	0	0	0
*	*	5p	+	196	0	0	0	0	0	0	0	0	0	0	0	0	0	0	0	0	0	0	0	0	0	0	0	0	0	0
*	*	5p	+	197	0	0	0	0	0	0	0	0	0	0	0	0	0	0	0	0	0	0	0	0	0	0	0	0	0	0
*	*	5p	+	198	0	0	0	0	0	0	0	0	0	0	0	0	0	0	0	0	0	0	0	0	0	0	0	0	0	0
*	*	5p	+	199	0	0	0	0	0	0	0	0	0	0	0	0	0	0	0	0	0	0	0	0	0	0	0	0	0	0
*	*	5p	+	200	0	0	0	0	0	0	0	0	0	0	0	0	0	0	0	0	0	0	0	0	0	0	0	0	0	0
*	*	5p	-	1	843	1258	756	791	3648	44	612	1	3	0	2	3	0	2	2	1	0	0	0	0	0	0	0	0	0	0
*	*	5p	-	2	860	1055	757	976	3648	44	385	1	4	2	2	2	0	1	0	0	0	0	0	0	0	0	0	0	0	0
*	*	5p	-	3	897	1039	855	857	3648	29	240	5	1	1	1	0	0	1	0	0	4	0	0	0	0	0	0	0	0	0
*	*	5p	-	4	967	908	803	970	3648	7	47	6	6	1	1	1	2	3	2	2	0	0	0	0	0	0	0	0	0	0
*	*	5p	-	5	946	855	895	951	3647	4	20	1	5	2	0	1	2	5	0	3	0	0	0	0	0	0	1	0	0	0
*	*	5p	-	6	962	937	829	919	3647	4	15	3	3	0	2	1	2	2	1	0	0	1	0	1	0	1	0	0	0	0
*	*	5p	-	7	937	937	830	944	3648	0	14	4	3	0	0	0	1	0	2	1	5	0	0	0	0	0	0	0	0	0
*	*	5p	-	8	969	870	855	953	3647	4	8	6	2	1	4	0	0	1	1	0	1	0	0	0	0	0	0	1	0	0
*	*	5p	-	9	911	915	883	939	3648	2	13	6	3	0	0	2	1	0	1	1	1	1	0	0	0	0	0	0	0	0
*	*	5p	-	10	948	861	860	979	3648	3	5	6	5	0	1	1	1	1	3	1	0	0	0	0	0	0	0	0	0	0
*	*	5p	-	11	1006	827	877	938	3648	7	7	5	4	3	1	2	2	0	0	2	2	0	0	0	0	0	0	0	0	0
*	*	5p	-	12	944	839	899	966	3648	5	5	2	2	3	6	1	2	0	1	1	2	0	0	0	0	0	0	0	0	0
*	*	5p	-	13	927	848	888	984	3647	6	4	4	2	1	2	0	1	3	1	0	0	0	0	0	0	0	0	1	0	0
*	*	5p	-	14	988	845	880	933	3646	6	7	4	3	1	2	1	2	2	1	1	0	0	0	0	0	0	1	0	1	0
*	*	5p	-	15	977	893	848	930	3648	2	8	1	6	0	0	3	1	0	0	1	1	0	0	1	0	0	0	0	0	0
*	*	5p	-	16	919	897	859	973	3648	1	8	3	4	0	1	0	1	0	3	2	0	0	0	0	0	0	0	0	0	0
*	*	5p	-	17	921	917	875	934	3647	3	7	4	4	1	1	1	2	1	0	1	0	0	0	0	0	0	0	0	1	0
*	*	5p	-	18	936	898	814	1000	3648	4	7	2	3	0	1	1	1	1	0	1	1	0	1	0	0	0	0	0	0	0
*	*	5p	-	19	969	833	875	970	3647	3	4	3	3	1	0	0	0	0	1	1	1	0	0	2	0	1	0	0	0	0
*	*	5p	-	20	911	906	887	944	3648	0	3	2	1	0	1	0	0	0	2	0	0	0	0	1	0	0	0	0	0	0
*	*	5p	-	21	930	880	844	994	3648	2	3	1	0	1	0	1	1	0	0	0	1	0	0	0	0	0	0	0	0	0
*	*	5p	-	22	932	833	873	1010	3648	2	0	4	1	2	0	0	2	1	0	0	0	1	1	0	0	0	0	0	0	0
*	*	5p	-	23	941	873	874	960	3648	2	3	2	1	1	0	1	0	0	0	1	0	0	0	0	0	0	0	0	0	0
*	*	5p	-	24	998	845	811	994	3648	6	9	7	7	1	2	0	1	2	3	1	0	0	0	0	0	0	0	0	0	0
*	*	5p	-	25	938	918	851	941	3648	6	4	5	2	0	0	3	1	1	2	1	1	1	0	0	0	0	0	0	0	0
*	*	5p	-	26	967	826	835	1019	3647	9	8	6	8	0	2	0	1	0	2	0	2	0	1	0	0	0	0	0	1	0
*	*	5p	-	27	947	824	931	944	3646	13	6	5	6	2	0	1	1	1	2	2	1	0	0	0	0	0	0	0	2	0
*	*	5p	-	28	913	906	911	917	3647	42	9	4	5	3	1	0	1	2	2	2	0	0	1	0	0	0	0	1	0	0
*	*	5p	-	29	978	861	857	952	3648	46	14	5	5	3	0	0	5	3	2	1	2	0	0	0	0	0	0	0	0	0
*	*	5p	-	30	979	848	901	918	3646	71	20	6	8	0	2	2	1	2	1	1	0	0	1	0	0	0	1	1	0	0
*	*	5p	-	31	885	849	905	944	3583	102	16	5	3	1	0	1	0	1	3	0	1	0	0	0	0	0	0	1	0	0
*	*	5p	-	32	914	849	833	889	3485	70	15	0	3	2	0	2	4	0	4	0	2	0	0	0	0	0	0	0	0	0
*	*	5p	-	33	880	799	914	820	3413	93	17	7	9	1	1	2	3	4	1	1	2	0	0	0	1	0	0	0	0	0
*	*	5p	-	34	834	764	887	835	3320	86	11	8	5	1	2	0	1	1	0	0	4	0	0	0	0	0	1	0	0	0
*	*	5p	-	35	807	740	857	808	3212	85	17	3	9	1	0	2	1	0	1	1	2	0	0	0	0	0	1	0	0	0
*	*	5p	-	36	782	732	811	806	3131	83	15	5	4	0	0	1	2	0	2	1	1	1	0	1	0	0	0	0	0	0
*	*	5p	-	37	737	710	815	786	3048	80	15	2	5	1	1	0	1	1	1	1	1	0	0	0	0	0	0	0	0	0
*	*	5p	-	38	808	661	749	752	2970	72	15	4	3	2	3	1	0	2	1	0	2	0	0	0	0	0	1	0	0	0
*	*	5p	-	39	713	704	763	716	2896	76	16	1	8	2	0	0	2	3	3	2	0	0	0	0	0	0	0	0	1	0
*	*	5p	-	40	740	656	746	666	2808	87	15	2	4	0	1	0	0	0	1	1	0	0	0	2	0	0	0	0	0	0
*	*	5p	-	41	642	662	685	695	2684	82	18	8	5	2	0	0	2	2	0	2	1	0	0	0	0	0	0	0	0	0
*	*	5p	-	42	631	608	668	651	2558	100	7	3	5	1	0	0	4	1	0	1	0	0	0	0	1	0	1	1	0	0
*	*	5p	-	43	626	579	616	607	2428	82	19	2	5	3	3	1	1	5	4	2	0	0	0	0	0	0	0	1	0	0
*	*	5p	-	44	581	569	560	566	2276	76	13	4	8	5	1	1	0	1	1	2	1	0	0	0	0	0	0	0	0	0
*	*	5p	-	45	532	518	560	509	2119	68	9	1	3	4	3	1	2	2	1	0	0	0	0	0	0	0	0	0	1	0
*	*	5p	-	46	516	479	508	491	1994	72	9	2	1	1	1	0	0	1	3	0	2	0	0	0	1	0	0	0	0	0
*	*	5p	-	47	471	420	525	455	1871	77	11	3	4	1	2	1	1	1	1	1	2	0	0	0	0	0	0	1	0	0
*	*	5p	-	48	441	405	489	412	1747	64	15	6	2	1	0	0	1	0	0	1	0	0	0	0	0	0	0	0	0	0
*	*	5p	-	49	407	393	420	416	1636	76	8	4	2	0	0	0	1	0	0	0	0	0	0	0	0	0	0	0	0	0
*	*	5p	-	50	347	385	404	398	1534	67	8	3	2	2	0	0	1	1	0	0	0	0	0	0	0	0	0	0	0	0
*	*	5p	-	51	383	296	386	358	1423	72	8	1	1	0	1	0	0	0	0	0	0	0	0	0	0	0	0	0	0	0
*	*	5p	-	52	334	303	374	302	1313	61	7	1	3	0	1	2	0	0	0	0	1	0	0	0	0	0	1	0	0	0
*	*	5p	-	53	309	274	326	311	1220	55	4	4	2	1	0	1	0	1	0	0	2	0	0	0	0	1	0	0	0	0
*	*	5p	-	54	282	281	298	269	1130	52	4	2	3	0	0	0	2	1	0	0	1	0	0	0	0	1	0	0	0	0
*	*	5p	-	55	273	261	296	229	1059	44	5	4	1	0	0	0	0	0	1	0	0	0	0	0	0	0	1	0	0	0
*	*	5p	-	56	264	219	228	273	984	31	2	2	1	0	0	0	1	1	0	2	0	0	0	0	0	1	0	0	0	0
*	*	5p	-	57	227	223	268	214	932	42	3	4	1	0	0	0	2	1	0	1	2	0	0	0	0	0	0	0	0	0
*	*	5p	-	58	230	213	215	211	869	26	6	2	2	2	0	1	0	1	0	0	1	0	0	0	0	0	0	0	0	0
*	*	5p	-	59	203	198	218	186	805	33	5	0	0	0	1	0	0	0	1	0	0	0	0	0	0	0	0	0	0	0
*	*	5p	-	60	179	208	189	184	760	18	3	1	2	0	0	0	0	0	0	1	1	0	0	0	0	0	0	0	0	0
*	*	5p	-	61	152	172	206	175	705	32	4	1	4	0	1	0	0	1	0	0	0	0	0	0	0	0	0	0	0	0
*	*	5p	-	62	171	138	178	168	655	32	4	1	4	0	0	0	0	0	0	2	1	0	0	0	0	1	0	0	0	0
*	*	5p	-	63	138	153	168	151	610	33	4	1	3	0	1	0	0	0	0	0	0	0	0	0	0	0	0	0	0	0
*	*	5p	-	64	132	125	174	126	557	34	3	1	3	0	1	1	0	0	2	0	0	0	0	0	0	0	0	0	0	0
*	*	5p	-	65	114	132	133	123	502	26	3	0	1	0	1	0	0	0	1	2	0	0	0	0	0	0	0	1	0	0
*	*	5p	-	66	120	107	112	120	459	22	1	3	1	0	0	0	0	0	0	2	1	0	0	0	0	0	0	0	0	0
*	*	5p	-	67	92	96	129	99	416	17	5	0	0	0	0	0	0	0	0	1	0	0	0	0	0	0	0	0	0	0
*	*	5p	-	68	105	101	102	67	375	29	3	0	0	0	0	0	0	0	0	0	1	0	1	0	0	0	0	0	0	0
*	*	5p	-	69	81	74	97	74	326	13	1	0	1	0	0	0	0	0	1	0	0	0	0	0	0	0	0	0	0	0
*	*	5p	-	70	57	76	95	65	293	22	2	0	0	0	0	0	0	0	0	0	0	0	0	0	0	0	0	0	0	0
*	*	5p	-	71	66	54	75	67	262	11	1	0	0	0	1	0	0	0	0	0	0	0	0	0	0	0	0	0	0	0
*	*	5p	-	72	63	59	57	61	240	9	0	0	0	2	0	0	0	1	0	0	0	0	0	0	0	0	0	0	0	0
*	*	5p	-	73	56	43	61	58	218	17	5	1	0	0	1	0	0	0	0	0	0	0	0	0	0	0	0	0	0	0
*	*	5p	-	74	53	42	68	36	199	18	6	0	0	0	0	0	1	0	0	0	0	0	0	0	0	0	0	0	0	0
*	*	5p	-	75	41	39	52	47	179	17	5	1	0	0	0	0	0	0	0	0	0	0	0	0	0	0	0	0	0	0
*	*	5p	-	76	0	0	1	0	1	1	0	0	0	0	0	0	0	0	0	0	0	0	0	0	0	0	0	0	0	0
*	*	5p	-	77	0	0	0	0	0	0	0	0	0	0	0	0	0	0	0	0	0	0	0	0	0	0	0	0	0	0
*	*	5p	-	78	0	0	0	0	0	0	0	0	0	0	0	0	0	0	0	0	0	0	0	0	0	0	0	0	0	0
*	*	5p	-	79	0	0	0	0	0	0	0	0	0	0	0	0	0	0	0	0	0	0	0	0	0	0	0	0	0	0
*	*	5p	-	80	0	0	0	0	0	0	0	0	0	0	0	0	0	0	0	0	0	0	0	0	0	0	0	0	0	0
*	*	5p	-	81	0	0	0	0	0	0	0	0	0	0	0	0	0	0	0	0	0	0	0	0	0	0	0	0	0	0
*	*	5p	-	82	0	0	0	0	0	0	0	0	0	0	0	0	0	0	0	0	0	0	0	0	0	0	0	0	0	0
*	*	5p	-	83	0	0	0	0	0	0	0	0	0	0	0	0	0	0	0	0	0	0	0	0	0	0	0	0	0	0
*	*	5p	-	84	0	0	0	0	0	0	0	0	0	0	0	0	0	0	0	0	0	0	0	0	0	0	0	0	0	0
*	*	5p	-	85	0	0	0	0	0	0	0	0	0	0	0	0	0	0	0	0	0	0	0	0	0	0	0	0	0	0
*	*	5p	-	86	0	0	0	0	0	0	0	0	0	0	0	0	0	0	0	0	0	0	0	0	0	0	0	0	0	0
*	*	5p	-	87	0	0	0	0	0	0	0	0	0	0	0	0	0	0	0	0	0	0	0	0	0	0	0	0	0	0
*	*	5p	-	88	0	0	0	0	0	0	0	0	0	0	0	0	0	0	0	0	0	0	0	0	0	0	0	0	0	0
*	*	5p	-	89	0	0	0	0	0	0	0	0	0	0	0	0	0	0	0	0	0	0	0	0	0	0	0	0	0	0
*	*	5p	-	90	0	0	0	0	0	0	0	0	0	0	0	0	0	0	0	0	0	0	0	0	0	0	0	0	0	0
*	*	5p	-	91	0	0	0	0	0	0	0	0	0	0	0	0	0	0	0	0	0	0	0	0	0	0	0	0	0	0
*	*	5p	-	92	0	0	0	0	0	0	0	0	0	0	0	0	0	0	0	0	0	0	0	0	0	0	0	0	0	0
*	*	5p	-	93	0	0	0	0	0	0	0	0	0	0	0	0	0	0	0	0	0	0	0	0	0	0	0	0	0	0
*	*	5p	-	94	0	0	0	0	0	0	0	0	0	0	0	0	0	0	0	0	0	0	0	0	0	0	0	0	0	0
*	*	5p	-	95	0	0	0	0	0	0	0	0	0	0	0	0	0	0	0	0	0	0	0	0	0	0	0	0	0	0
*	*	5p	-	96	0	0	0	0	0	0	0	0	0	0	0	0	0	0	0	0	0	0	0	0	0	0	0	0	0	0
*	*	5p	-	97	0	0	0	0	0	0	0	0	0	0	0	0	0	0	0	0	0	0	0	0	0	0	0	0	0	0
*	*	5p	-	98	0	0	0	0	0	0	0	0	0	0	0	0	0	0	0	0	0	0	0	0	0	0	0	0	0	0
*	*	5p	-	99	0	0	0	0	0	0	0	0	0	0	0	0	0	0	0	0	0	0	0	0	0	0	0	0	0	0
*	*	5p	-	100	0	0	0	0	0	0	0	0	0	0	0	0	0	0	0	0	0	0	0	0	0	0	0	0	0	0
*	*	5p	-	101	0	0	0	0	0	0	0	0	0	0	0	0	0	0	0	0	0	0	0	0	0	0	0	0	0	0
*	*	5p	-	102	0	0	0	0	0	0	0	0	0	0	0	0	0	0	0	0	0	0	0	0	0	0	0	0	0	0
*	*	5p	-	103	0	0	0	0	0	0	0	0	0	0	0	0	0	0	0	0	0	0	0	0	0	0	0	0	0	0
*	*	5p	-	104	0	0	0	0	0	0	0	0	0	0	0	0	0	0	0	0	0	0	0	0	0	0	0	0	0	0
*	*	5p	-	105	0	0	0	0	0	0	0	0	0	0	0	0	0	0	0	0	0	0	0	0	0	0	0	0	0	0
*	*	5p	-	106	0	0	0	0	0	0	0	0	0	0	0	0	0	0	0	0	0	0	0	0	0	0	0	0	0	0
*	*	5p	-	107	0	0	0	0	0	0	0	0	0	0	0	0	0	0	0	0	0	0	0	0	0	0	0	0	0	0
*	*	5p	-	108	0	0	0	0	0	0	0	0	0	0	0	0	0	0	0	0	0	0	0	0	0	0	0	0	0	0
*	*	5p	-	109	0	0	0	0	0	0	0	0	0	0	0	0	0	0	0	0	0	0	0	0	0	0	0	0	0	0
*	*	5p	-	110	0	0	0	0	0	0	0	0	0	0	0	0	0	0	0	0	0	0	0	0	0	0	0	0	0	0
*	*	5p	-	111	0	0	0	0	0	0	0	0	0	0	0	0	0	0	0	0	0	0	0	0	0	0	0	0	0	0
*	*	5p	-	112	0	0	0	0	0	0	0	0	0	0	0	0	0	0	0	0	0	0	0	0	0	0	0	0	0	0
*	*	5p	-	113	0	0	0	0	0	0	0	0	0	0	0	0	0	0	0	0	0	0	0	0	0	0	0	0	0	0
*	*	5p	-	114	0	0	0	0	0	0	0	0	0	0	0	0	0	0	0	0	0	0	0	0	0	0	0	0	0	0
*	*	5p	-	115	0	0	0	0	0	0	0	0	0	0	0	0	0	0	0	0	0	0	0	0	0	0	0	0	0	0
*	*	5p	-	116	0	0	0	0	0	0	0	0	0	0	0	0	0	0	0	0	0	0	0	0	0	0	0	0	0	0
*	*	5p	-	117	0	0	0	0	0	0	0	0	0	0	0	0	0	0	0	0	0	0	0	0	0	0	0	0	0	0
*	*	5p	-	118	0	0	0	0	0	0	0	0	0	0	0	0	0	0	0	0	0	0	0	0	0	0	0	0	0	0
*	*	5p	-	119	0	0	0	0	0	0	0	0	0	0	0	0	0	0	0	0	0	0	0	0	0	0	0	0	0	0
*	*	5p	-	120	0	0	0	0	0	0	0	0	0	0	0	0	0	0	0	0	0	0	0	0	0	0	0	0	0	0
*	*	5p	-	121	0	0	0	0	0	0	0	0	0	0	0	0	0	0	0	0	0	0	0	0	0	0	0	0	0	0
*	*	5p	-	122	0	0	0	0	0	0	0	0	0	0	0	0	0	0	0	0	0	0	0	0	0	0	0	0	0	0
*	*	5p	-	123	0	0	0	0	0	0	0	0	0	0	0	0	0	0	0	0	0	0	0	0	0	0	0	0	0	0
*	*	5p	-	124	0	0	0	0	0	0	0	0	0	0	0	0	0	0	0	0	0	0	0	0	0	0	0	0	0	0
*	*	5p	-	125	0	0	0	0	0	0	0	0	0	0	0	0	0	0	0	0	0	0	0	0	0	0	0	0	0	0
*	*	5p	-	126	0	0	0	0	0	0	0	0	0	0	0	0	0	0	0	0	0	0	0	0	0	0	0	0	0	0
*	*	5p	-	127	0	0	0	0	0	0	0	0	0	0	0	0	0	0	0	0	0	0	0	0	0	0	0	0	0	0
*	*	5p	-	128	0	0	0	0	0	0	0	0	0	0	0	0	0	0	0	0	0	0	0	0	0	0	0	0	0	0
*	*	5p	-	129	0	0	0	0	0	0	0	0	0	0	0	0	0	0	0	0	0	0	0	0	0	0	0	0	0	0
*	*	5p	-	130	0	0	0	0	0	0	0	0	0	0	0	0	0	0	0	0	0	0	0	0	0	0	0	0	0	0
*	*	5p	-	131	0	0	0	0	0	0	0	0	0	0	0	0	0	0	0	0	0	0	0	0	0	0	0	0	0	0
*	*	5p	-	132	0	0	0	0	0	0	0	0	0	0	0	0	0	0	0	0	0	0	0	0	0	0	0	0	0	0
*	*	5p	-	133	0	0	0	0	0	0	0	0	0	0	0	0	0	0	0	0	0	0	0	0	0	0	0	0	0	0
*	*	5p	-	134	0	0	0	0	0	0	0	0	0	0	0	0	0	0	0	0	0	0	0	0	0	0	0	0	0	0
*	*	5p	-	135	0	0	0	0	0	0	0	0	0	0	0	0	0	0	0	0	0	0	0	0	0	0	0	0	0	0
*	*	5p	-	136	0	0	0	0	0	0	0	0	0	0	0	0	0	0	0	0	0	0	0	0	0	0	0	0	0	0
*	*	5p	-	137	0	0	0	0	0	0	0	0	0	0	0	0	0	0	0	0	0	0	0	0	0	0	0	0	0	0
*	*	5p	-	138	0	0	0	0	0	0	0	0	0	0	0	0	0	0	0	0	0	0	0	0	0	0	0	0	0	0
*	*	5p	-	139	0	0	0	0	0	0	0	0	0	0	0	0	0	0	0	0	0	0	0	0	0	0	0	0	0	0
*	*	5p	-	140	0	0	0	0	0	0	0	0	0	0	0	0	0	0	0	0	0	0	0	0	0	0	0	0	0	0
*	*	5p	-	141	0	0	0	0	0	0	0	0	0	0	0	0	0	0	0	0	0	0	0	0	0	0	0	0	0	0
*	*	5p	-	142	0	0	0	0	0	0	0	0	0	0	0	0	0	0	0	0	0	0	0	0	0	0	0	0	0	0
*	*	5p	-	143	0	0	0	0	0	0	0	0	0	0	0	0	0	0	0	0	0	0	0	0	0	0	0	0	0	0
*	*	5p	-	144	0	0	0	0	0	0	0	0	0	0	0	0	0	0	0	0	0	0	0	0	0	0	0	0	0	0
*	*	5p	-	145	0	0	0	0	0	0	0	0	0	0	0	0	0	0	0	0	0	0	0	0	0	0	0	0	0	0
*	*	5p	-	146	0	0	0	0	0	0	0	0	0	0	0	0	0	0	0	0	0	0	0	0	0	0	0	0	0	0
*	*	5p	-	147	0	0	0	0	0	0	0	0	0	0	0	0	0	0	0	0	0	0	0	0	0	0	0	0	0	0
*	*	5p	-	148	0	0	0	0	0	0	0	0	0	0	0	0	0	0	0	0	0	0	0	0	0	0	0	0	0	0
*	*	5p	-	149	0	0	0	0	0	0	0	0	0	0	0	0	0	0	0	0	0	0	0	0	0	0	0	0	0	0
*	*	5p	-	150	0	0	0	0	0	0	0	0	0	0	0	0	0	0	0	0	0	0	0	0	0	0	0	0	0	0
*	*	5p	-	151	0	0	0	0	0	0	0	0	0	0	0	0	0	0	0	0	0	0	0	0	0	0	0	0	0	0
*	*	5p	-	152	0	0	0	0	0	0	0	0	0	0	0	0	0	0	0	0	0	0	0	0	0	0	0	0	0	0
*	*	5p	-	153	0	0	0	0	0	0	0	0	0	0	0	0	0	0	0	0	0	0	0	0	0	0	0	0	0	0
*	*	5p	-	154	0	0	0	0	0	0	0	0	0	0	0	0	0	0	0	0	0	0	0	0	0	0	0	0	0	0
*	*	5p	-	155	0	0	0	0	0	0	0	0	0	0	0	0	0	0	0	0	0	0	0	0	0	0	0	0	0	0
*	*	5p	-	156	0	0	0	0	0	0	0	0	0	0	0	0	0	0	0	0	0	0	0	0	0	0	0	0	0	0
*	*	5p	-	157	0	0	0	0	0	0	0	0	0	0	0	0	0	0	0	0	0	0	0	0	0	0	0	0	0	0
*	*	5p	-	158	0	0	0	0	0	0	0	0	0	0	0	0	0	0	0	0	0	0	0	0	0	0	0	0	0	0
*	*	5p	-	159	0	0	0	0	0	0	0	0	0	0	0	0	0	0	0	0	0	0	0	0	0	0	0	0	0	0
*	*	5p	-	160	0	0	0	0	0	0	0	0	0	0	0	0	0	0	0	0	0	0	0	0	0	0	0	0	0	0
*	*	5p	-	161	0	0	0	0	0	0	0	0	0	0	0	0	0	0	0	0	0	0	0	0	0	0	0	0	0	0
*	*	5p	-	162	0	0	0	0	0	0	0	0	0	0	0	0	0	0	0	0	0	0	0	0	0	0	0	0	0	0
*	*	5p	-	163	0	0	0	0	0	0	0	0	0	0	0	0	0	0	0	0	0	0	0	0	0	0	0	0	0	0
*	*	5p	-	164	0	0	0	0	0	0	0	0	0	0	0	0	0	0	0	0	0	0	0	0	0	0	0	0	0	0
*	*	5p	-	165	0	0	0	0	0	0	0	0	0	0	0	0	0	0	0	0	0	0	0	0	0	0	0	0	0	0
*	*	5p	-	166	0	0	0	0	0	0	0	0	0	0	0	0	0	0	0	0	0	0	0	0	0	0	0	0	0	0
*	*	5p	-	167	0	0	0	0	0	0	0	0	0	0	0	0	0	0	0	0	0	0	0	0	0	0	0	0	0	0
*	*	5p	-	168	0	0	0	0	0	0	0	0	0	0	0	0	0	0	0	0	0	0	0	0	0	0	0	0	0	0
*	*	5p	-	169	0	0	0	0	0	0	0	0	0	0	0	0	0	0	0	0	0	0	0	0	0	0	0	0	0	0
*	*	5p	-	170	0	0	0	0	0	0	0	0	0	0	0	0	0	0	0	0	0	0	0	0	0	0	0	0	0	0
*	*	5p	-	171	0	0	0	0	0	0	0	0	0	0	0	0	0	0	0	0	0	0	0	0	0	0	0	0	0	0
*	*	5p	-	172	0	0	0	0	0	0	0	0	0	0	0	0	0	0	0	0	0	0	0	0	0	0	0	0	0	0
*	*	5p	-	173	0	0	0	0	0	0	0	0	0	0	0	0	0	0	0	0	0	0	0	0	0	0	0	0	0	0
*	*	5p	-	174	0	0	0	0	0	0	0	0	0	0	0	0	0	0	0	0	0	0	0	0	0	0	0	0	0	0
*	*	5p	-	175	0	0	0	0	0	0	0	0	0	0	0	0	0	0	0	0	0	0	0	0	0	0	0	0	0	0
*	*	5p	-	176	0	0	0	0	0	0	0	0	0	0	0	0	0	0	0	0	0	0	0	0	0	0	0	0	0	0
*	*	5p	-	177	0	0	0	0	0	0	0	0	0	0	0	0	0	0	0	0	0	0	0	0	0	0	0	0	0	0
*	*	5p	-	178	0	0	0	0	0	0	0	0	0	0	0	0	0	0	0	0	0	0	0	0	0	0	0	0	0	0
*	*	5p	-	179	0	0	0	0	0	0	0	0	0	0	0	0	0	0	0	0	0	0	0	0	0	0	0	0	0	0
*	*	5p	-	180	0	0	0	0	0	0	0	0	0	0	0	0	0	0	0	0	0	0	0	0	0	0	0	0	0	0
*	*	5p	-	181	0	0	0	0	0	0	0	0	0	0	0	0	0	0	0	0	0	0	0	0	0	0	0	0	0	0
*	*	5p	-	182	0	0	0	0	0	0	0	0	0	0	0	0	0	0	0	0	0	0	0	0	0	0	0	0	0	0
*	*	5p	-	183	0	0	0	0	0	0	0	0	0	0	0	0	0	0	0	0	0	0	0	0	0	0	0	0	0	0
*	*	5p	-	184	0	0	0	0	0	0	0	0	0	0	0	0	0	0	0	0	0	0	0	0	0	0	0	0	0	0
*	*	5p	-	185	0	0	0	0	0	0	0	0	0	0	0	0	0	0	0	0	0	0	0	0	0	0	0	0	0	0
*	*	5p	-	186	0	0	0	0	0	0	0	0	0	0	0	0	0	0	0	0	0	0	0	0	0	0	0	0	0	0
*	*	5p	-	187	0	0	0	0	0	0	0	0	0	0	0	0	0	0	0	0	0	0	0	0	0	0	0	0	0	0
*	*	5p	-	188	0	0	0	0	0	0	0	0	0	0	0	0	0	0	0	0	0	0	0	0	0	0	0	0	0	0
*	*	5p	-	189	0	0	0	0	0	0	0	0	0	0	0	0	0	0	0	0	0	0	0	0	0	0	0	0	0	0
*	*	5p	-	190	0	0	0	0	0	0	0	0	0	0	0	0	0	0	0	0	0	0	0	0	0	0	0	0	0	0
*	*	5p	-	191	0	0	0	0	0	0	0	0	0	0	0	0	0	0	0	0	0	0	0	0	0	0	0	0	0	0
*	*	5p	-	192	0	0	0	0	0	0	0	0	0	0	0	0	0	0	0	0	0	0	0	0	0	0	0	0	0	0
*	*	5p	-	193	0	0	0	0	0	0	0	0	0	0	0	0	0	0	0	0	0	0	0	0	0	0	0	0	0	0
*	*	5p	-	194	0	0	0	0	0	0	0	0	0	0	0	0	0	0	0	0	0	0	0	0	0	0	0	0	0	0
*	*	5p	-	195	0	0	0	0	0	0	0	0	0	0	0	0	0	0	0	0	0	0	0	0	0	0	0	0	0	0
*	*	5p	-	196	0	0	0	0	0	0	0	0	0	0	0	0	0	0	0	0	0	0	0	0	0	0	0	0	0	0
*	*	5p	-	197	0	0	0	0	0	0	0	0	0	0	0	0	0	0	0	0	0	0	0	0	0	0	0	0	0	0
*	*	5p	-	198	0	0	0	0	0	0	0	0	0	0	0	0	0	0	0	0	0	0	0	0	0	0	0	0	0	0
*	*	5p	-	199	0	0	0	0	0	0	0	0	0	0	0	0	0	0	0	0	0	0	0	0	0	0	0	0	0	0
*	*	5p	-	200	0	0	0	0	0	0	0	0	0	0	0	0	0	0	0	0	0	0	0	0	0	0	0	0	0	0
