Sample	Library	End	Std	Pos	A	C	G	T	Total	G>A	C>T	A>G	T>C	A>C	A>T	C>G	C>A	T>G	T>A	G>C	G>T	A>-	T>-	C>-	G>-	->A	->T	->C	->G	S
*	*	3p	+	1	115549	82073	81626	116594	395842	1948	234	244	266	137	163	77	119	128	153	106	111	0	0	0	0	0	0	0	0	0
*	*	3p	+	2	115664	82636	82549	117067	397916	1230	233	228	276	143	135	82	91	118	156	102	91	0	0	0	0	0	0	0	0	0
*	*	3p	+	3	116962	82496	82589	118041	400088	890	219	230	242	146	132	78	102	104	131	73	96	0	0	0	0	1	1	0	1	0
*	*	3p	+	4	117131	83042	82209	117708	400090	622	222	237	238	123	123	87	97	119	122	86	93	0	0	0	0	0	0	0	0	0
*	*	3p	+	5	116747	82683	82715	117947	400092	469	211	266	254	106	135	82	88	120	123	78	103	0	0	0	1	1	3	3	2	0
*	*	3p	+	6	116359	82802	82961	117893	400015	378	257	237	270	111	130	79	82	108	122	87	84	0	0	1	0	13	23	32	22	0
*	*	3p	+	7	116765	82246	83496	117541	400048	344	257	246	270	103	124	85	95	129	104	66	83	9	13	4	14	22	16	11	15	0
*	*	3p	+	8	116955	82324	83338	117419	400036	280	228	234	247	117	132	75	82	108	102	77	85	7	8	3	6	15	19	20	20	0
*	*	3p	+	9	116659	82612	82832	117944	400047	278	223	250	227	113	86	93	89	102	100	81	80	10	12	11	9	11	17	19	18	0
*	*	3p	+	10	117255	82468	82665	117666	400054	245	215	216	209	108	83	83	76	102	84	72	74	6	10	9	8	14	18	11	13	0
*	*	3p	+	11	117032	82871	82682	117468	400053	251	204	206	231	94	100	73	67	99	90	84	69	8	13	5	6	13	14	16	16	0
*	*	3p	+	12	117340	82104	82755	117856	400055	263	220	195	222	107	101	66	69	103	106	62	85	9	11	6	9	18	12	16	11	0
*	*	3p	+	13	117271	82784	82367	117645	400067	219	217	193	222	92	95	59	79	110	110	73	79	14	8	7	3	8	17	9	11	0
*	*	3p	+	14	116867	83005	82494	117699	400065	233	194	229	230	97	98	72	80	95	105	67	86	9	12	4	8	14	14	9	10	0
*	*	3p	+	15	116718	82552	82669	118122	400061	222	200	213	226	92	96	53	62	89	95	62	65	5	8	3	1	11	15	13	12	0
*	*	3p	+	16	116916	82307	82651	118178	400052	218	203	218	214	100	89	68	63	105	87	81	74	13	6	7	3	13	18	17	12	0
*	*	3p	+	17	117250	82785	82667	117351	400053	205	197	209	197	93	107	53	93	108	79	62	77	10	6	10	6	16	11	24	8	0
*	*	3p	+	18	117110	82346	82870	117749	400075	209	197	199	216	91	89	70	66	95	92	62	66	6	10	3	9	16	9	4	8	0
*	*	3p	+	19	116902	82955	82618	117594	400069	191	181	204	194	104	94	66	73	96	91	63	65	5	9	2	3	8	16	9	10	0
*	*	3p	+	20	117651	82431	82525	117456	400063	194	203	208	198	91	96	55	61	92	104	57	63	7	6	3	6	12	17	10	10	0
*	*	3p	+	21	116932	82819	82875	117450	400076	211	178	190	224	107	112	86	70	79	96	70	64	7	6	3	5	9	9	10	8	0
*	*	3p	+	22	117776	82483	82382	117430	400071	215	202	188	214	102	94	73	74	93	95	85	73	10	10	6	8	14	14	5	8	0
*	*	3p	+	23	117505	82650	82207	117695	400057	203	201	213	215	93	79	57	84	80	84	68	82	12	10	5	6	11	12	18	14	0
*	*	3p	+	24	117217	82786	82797	117265	400065	197	200	218	198	96	103	68	72	89	76	65	71	5	7	5	9	19	11	9	8	0
*	*	3p	+	25	118158	82138	82281	117484	400061	210	216	217	203	99	85	65	70	81	85	76	76	6	8	3	6	21	12	9	9	0
*	*	3p	+	26	117260	82794	82744	117261	400059	176	249	215	185	83	86	63	64	89	100	52	69	7	8	8	6	17	14	14	8	0
*	*	3p	+	27	117341	82457	82691	117558	400047	203	244	191	182	89	87	77	68	95	93	68	64	11	16	4	6	25	18	10	12	0
*	*	3p	+	28	118146	82482	82393	117045	400066	203	268	181	194	82	102	64	77	96	97	67	81	12	9	10	5	16	14	7	9	0
*	*	3p	+	29	117638	82824	82428	117186	400076	196	278	194	189	87	79	77	63	102	99	82	79	13	8	3	3	10	12	3	11	0
*	*	3p	+	30	116950	83058	82857	117222	400087	192	359	206	228	104	109	60	61	115	100	75	74	4	6	7	2	7	9	5	4	0
*	*	3p	+	31	114068	80174	80052	113631	387925	189	384	190	173	96	98	60	64	84	77	63	66	9	6	4	8	9	8	4	6	0
*	*	3p	+	32	109131	77469	77851	110098	374549	173	352	171	154	70	91	56	66	85	84	53	70	3	5	7	2	8	10	5	2	0
*	*	3p	+	33	105947	75139	74247	105370	360703	159	319	176	162	93	82	63	65	85	79	66	55	7	2	3	6	7	11	7	8	0
*	*	3p	+	34	102040	71857	71727	100717	346341	152	288	176	131	73	73	40	50	62	68	46	62	5	5	2	2	6	5	4	7	0
*	*	3p	+	35	97131	68937	68832	96857	331757	145	304	153	126	77	74	44	59	70	63	52	63	6	2	1	4	10	2	1	3	0
*	*	3p	+	36	92765	65634	65565	92775	316739	133	299	139	132	58	64	50	40	67	61	49	47	2	6	2	2	10	7	4	2	0
*	*	3p	+	37	88707	62521	63020	87889	302137	134	273	110	116	54	54	46	42	54	69	53	46	5	5	2	2	5	5	2	4	0
*	*	3p	+	38	84407	59793	59417	84081	287698	138	265	130	123	57	68	51	40	59	62	37	48	2	1	0	0	7	3	5	4	0
*	*	3p	+	39	79667	57217	56745	79866	273495	113	237	99	93	45	78	38	27	54	49	37	55	2	5	2	1	9	3	3	4	0
*	*	3p	+	40	75829	53796	53765	75643	259033	107	243	87	98	41	46	39	46	60	48	34	45	2	3	2	2	5	6	2	2	0
*	*	3p	+	41	72166	51214	51010	71652	246042	89	238	108	77	46	49	34	30	44	33	34	39	2	3	1	1	3	3	2	1	0
*	*	3p	+	42	68047	48375	48822	68091	233335	71	212	78	82	42	53	36	34	48	45	34	35	1	2	2	2	4	1	0	1	0
*	*	3p	+	43	64022	45461	45839	64741	220063	62	219	71	59	37	41	30	24	32	38	22	23	1	0	0	3	2	0	2	2	0
*	*	3p	+	44	60213	43244	43248	60443	207148	76	200	72	68	49	38	29	26	32	28	26	35	1	0	0	2	1	2	3	3	0
*	*	3p	+	45	57235	40568	40706	56626	195135	54	183	60	74	30	49	21	25	35	24	25	26	0	3	0	1	2	3	0	1	0
*	*	3p	+	46	53517	38086	38453	53559	183615	55	176	67	54	28	21	31	20	23	35	21	23	3	1	1	2	0	1	1	1	0
*	*	3p	+	47	50299	36169	35994	49976	172438	70	159	44	46	26	31	24	16	27	23	24	26	1	1	0	0	1	0	1	2	0
*	*	3p	+	48	47329	33772	33791	47029	161921	51	179	54	45	21	21	21	21	27	21	19	15	0	1	1	1	3	1	0	2	0
*	*	3p	+	49	44356	31833	31642	44032	151863	52	136	48	34	26	22	17	24	26	20	19	14	0	0	1	0	0	2	1	1	0
*	*	3p	+	50	41190	29789	29682	41353	142014	51	120	38	41	22	19	12	14	19	16	15	25	1	1	1	0	0	2	1	0	0
*	*	3p	+	51	39015	27684	27714	38697	133110	38	115	40	35	23	22	18	13	27	19	15	25	0	0	1	1	0	0	0	1	0
*	*	3p	+	52	36389	26076	26133	36352	124950	31	125	36	25	14	19	15	16	6	15	16	13	1	1	1	0	0	0	0	0	0
*	*	3p	+	53	34018	24353	24522	34091	116984	27	110	33	27	21	9	12	14	16	19	14	16	1	0	0	0	0	1	0	1	0
*	*	3p	+	54	31774	22836	22966	31933	109509	22	86	30	23	10	12	12	11	16	20	14	15	1	0	0	0	0	0	1	0	0
*	*	3p	+	55	29935	21602	21547	29539	102623	23	95	29	27	15	10	7	10	15	15	13	15	0	1	1	0	0	0	0	0	0
*	*	3p	+	56	27858	20014	19976	28302	96150	20	70	29	24	14	14	10	15	5	17	7	12	0	0	0	0	2	0	0	0	0
*	*	3p	+	57	25824	18832	18986	26390	90032	19	69	19	25	11	11	10	9	19	16	8	15	0	1	0	0	0	1	0	0	0
*	*	3p	+	58	24495	17668	17716	24465	84344	31	66	16	14	9	10	12	10	9	17	9	9	1	0	0	0	0	1	1	0	0
*	*	3p	+	59	23138	16464	16401	22724	78727	18	84	20	23	7	7	9	6	10	12	6	7	0	0	0	0	0	1	1	0	0
*	*	3p	+	60	21401	15341	15612	21217	73571	17	66	15	9	11	16	8	12	10	12	14	12	0	0	0	0	0	0	0	0	0
*	*	3p	+	61	19931	14623	14387	20025	68966	15	63	14	14	12	7	5	5	14	12	8	11	1	0	1	0	0	0	0	1	0
*	*	3p	+	62	18596	13703	13547	18836	64682	18	55	22	11	16	12	7	5	3	15	4	13	0	0	0	0	0	0	0	1	0
*	*	3p	+	63	17528	12776	12658	17619	60581	15	66	17	18	11	10	4	7	11	8	7	8	0	0	0	0	0	0	0	0	0
*	*	3p	+	64	16386	12028	12076	16426	56916	23	65	10	21	8	8	9	10	6	9	5	7	0	1	0	0	0	0	0	1	0
*	*	3p	+	65	15161	11026	11129	15379	52695	9	61	10	12	6	10	3	7	7	10	6	8	0	1	0	0	0	0	0	0	0
*	*	3p	+	66	14143	10140	10339	14250	48872	6	45	10	5	9	12	4	7	7	12	6	6	0	0	0	0	0	1	0	0	0
*	*	3p	+	67	12907	9594	9416	13267	45184	11	48	13	8	7	6	6	5	10	7	4	10	0	2	0	0	0	0	0	2	0
*	*	3p	+	68	12120	8698	8791	12066	41675	12	44	10	9	6	3	3	4	5	3	2	5	0	0	0	0	0	0	0	0	0
*	*	3p	+	69	11137	8129	8029	11178	38473	6	44	14	13	5	4	2	6	7	2	4	6	0	0	0	0	0	1	0	0	0
*	*	3p	+	70	10244	7487	7466	10319	35516	10	35	5	5	3	2	4	3	2	7	2	3	0	0	0	0	0	0	1	0	0
*	*	3p	-	1	116127	81723	81728	116035	395613	1885	229	260	295	140	160	91	102	116	172	96	106	0	0	0	0	0	0	0	0	0
*	*	3p	-	2	116004	82559	82141	116972	397676	1267	242	219	273	135	143	78	110	118	162	104	94	0	0	0	0	1	4	1	0	0
*	*	3p	-	3	116975	82621	82936	117317	399849	909	220	229	272	110	124	75	105	134	120	76	77	0	0	0	0	3	4	0	1	0
*	*	3p	-	4	117319	82490	82556	117482	399847	614	202	246	266	121	140	73	98	128	133	100	93	4	6	0	0	8	6	2	2	0
*	*	3p	-	5	116790	82581	82873	117588	399832	497	232	246	259	105	114	71	99	129	121	70	86	3	8	1	3	19	12	7	3	0
*	*	3p	-	6	116739	82310	83042	117715	399806	379	201	252	251	108	119	72	74	111	117	76	84	7	7	5	4	25	25	15	4	0
*	*	3p	-	7	116613	82465	82635	118117	399830	339	210	231	240	112	120	70	82	94	124	71	84	15	17	7	6	13	14	11	12	0
*	*	3p	-	8	116942	82429	82770	117674	399815	279	212	244	242	97	106	95	68	104	115	61	70	14	16	4	9	8	25	20	13	0
*	*	3p	-	9	117460	82254	82524	117592	399830	264	209	238	214	115	97	82	97	113	100	61	75	10	10	9	7	11	22	6	13	0
*	*	3p	-	10	116825	82335	82901	117765	399826	236	177	226	233	95	92	88	90	106	111	78	68	6	6	8	7	15	19	12	12	0
*	*	3p	-	11	116643	83069	82484	117634	399830	261	184	206	223	106	105	89	73	104	107	77	54	13	12	6	4	13	9	19	13	0
*	*	3p	-	12	117154	82477	82575	117619	399825	224	181	215	221	101	112	72	85	102	84	68	73	10	15	9	3	26	18	10	5	0
*	*	3p	-	13	117160	82506	82633	117540	399839	226	209	215	211	104	93	79	65	92	119	68	77	11	8	5	4	10	17	12	6	0
*	*	3p	-	14	117118	82426	82611	117669	399824	224	222	193	209	101	105	70	91	85	93	48	72	14	5	7	4	20	14	15	11	0
*	*	3p	-	15	117227	82351	82635	117618	399831	232	203	210	222	103	114	74	70	107	120	83	72	9	11	3	6	13	15	14	11	0
*	*	3p	-	16	117120	82652	83150	116920	399842	193	198	185	185	84	91	58	63	78	73	69	63	8	10	1	6	16	10	9	7	0
*	*	3p	-	17	118035	82263	82472	117062	399832	218	203	200	211	84	87	63	70	84	106	70	70	10	11	5	8	15	16	11	10	0
*	*	3p	-	18	117055	82624	82514	117639	399832	195	225	218	176	108	124	59	56	100	111	60	71	8	10	6	2	16	18	11	7	0
*	*	3p	-	19	117367	82253	82735	117495	399850	205	165	201	202	90	106	64	78	98	85	59	62	7	10	7	3	8	12	5	9	0
*	*	3p	-	20	117923	81952	82681	117287	399843	194	187	198	185	93	72	63	72	84	79	68	73	6	8	6	14	13	11	12	5	0
*	*	3p	-	21	117285	82413	82830	117320	399848	204	178	203	188	93	98	56	60	91	110	62	78	8	8	3	4	2	9	14	11	0
*	*	3p	-	22	117528	82095	82824	117372	399819	199	174	207	184	94	82	57	73	74	108	69	72	14	7	4	3	16	15	20	14	0
*	*	3p	-	23	117573	82229	82745	117290	399837	190	195	196	207	91	79	66	63	88	89	76	65	11	3	7	5	9	12	11	15	0
*	*	3p	-	24	117770	82440	82357	117278	399845	188	210	184	176	69	97	61	82	93	91	64	71	9	6	8	6	7	11	9	12	0
*	*	3p	-	25	117451	82676	82122	117572	399821	193	189	181	200	102	98	70	65	93	86	58	62	8	10	8	5	15	12	12	24	0
*	*	3p	-	26	117313	82900	82581	117038	399832	204	190	190	210	97	116	72	61	81	91	67	63	9	8	6	6	10	18	11	13	0
*	*	3p	-	27	117436	82969	82519	116921	399845	214	245	182	220	93	87	64	63	96	97	61	60	6	11	4	4	17	6	6	10	0
*	*	3p	-	28	117268	82604	82937	117022	399831	194	265	196	172	93	116	64	91	95	99	73	68	11	5	4	7	9	16	10	18	0
*	*	3p	-	29	117580	82254	82789	117233	399856	167	278	183	206	101	128	69	83	96	101	49	69	8	7	3	7	7	8	6	7	0
*	*	3p	-	30	117629	82485	82401	117346	399861	213	329	198	214	91	102	63	68	83	107	57	87	7	8	4	4	3	9	8	3	0
*	*	3p	-	31	114175	80461	80017	113323	387976	186	360	204	184	77	111	67	84	88	85	72	69	7	2	2	3	10	6	5	5	0
*	*	3p	-	32	109549	77593	77770	109672	374584	167	356	207	167	69	97	68	69	101	88	59	46	5	7	8	7	7	4	6	10	0
*	*	3p	-	33	105349	74668	74566	106122	360705	151	329	159	182	75	77	49	56	71	83	41	73	3	7	2	2	11	8	4	3	0
*	*	3p	-	34	101313	71702	72081	101102	346198	139	297	166	174	85	71	59	47	79	89	52	73	0	4	5	1	1	7	5	5	0
*	*	3p	-	35	97220	68710	68530	97171	331631	116	308	145	127	49	77	34	48	67	72	34	53	4	7	3	3	2	4	2	2	0
*	*	3p	-	36	93013	65387	65503	92845	316748	111	291	128	117	64	66	50	60	65	73	32	55	4	3	1	2	4	6	4	1	0
*	*	3p	-	37	88816	62537	62637	88058	302048	110	261	122	112	49	70	41	56	74	50	28	43	2	1	1	1	0	5	1	2	0
*	*	3p	-	38	84034	59682	59746	83880	287342	106	250	137	123	47	55	51	47	64	57	41	45	4	0	2	1	5	2	1	2	0
*	*	3p	-	39	80085	56626	56291	79966	272968	102	274	100	125	61	58	34	34	56	61	33	33	1	2	3	0	4	3	1	2	0
*	*	3p	-	40	75870	53725	53855	75152	258602	103	211	107	90	40	63	37	38	44	60	40	35	2	2	1	0	3	2	2	0	0
*	*	3p	-	41	72085	50978	50815	71580	245458	82	221	93	90	47	47	27	36	31	41	34	34	2	0	1	2	2	1	1	1	0
*	*	3p	-	42	68351	48177	48220	67880	232628	84	234	86	86	43	47	32	26	47	41	29	31	2	1	0	1	0	4	3	0	0
*	*	3p	-	43	63897	45613	46108	63874	219492	75	190	85	75	35	29	29	26	35	32	25	29	1	1	1	1	5	1	1	1	0
*	*	3p	-	44	60662	42807	43157	60178	206804	82	201	73	73	53	19	23	28	29	29	21	25	4	1	1	0	3	2	3	1	0
*	*	3p	-	45	57156	40500	40700	56428	194784	66	185	51	58	29	36	32	23	32	33	33	22	2	1	0	1	0	2	2	2	0
*	*	3p	-	46	53694	38301	38276	53089	183360	55	169	43	43	35	35	23	24	27	32	14	28	1	0	0	0	0	1	4	0	0
*	*	3p	-	47	50168	36112	35879	50195	172354	55	171	60	49	26	28	20	22	19	19	27	18	2	1	1	3	1	0	1	1	0
*	*	3p	-	48	47435	34001	33692	46992	162120	33	135	56	32	35	28	16	28	21	31	20	18	1	0	1	1	0	1	0	0	0
*	*	3p	-	49	44169	31659	31925	44205	151958	49	157	33	48	22	29	13	13	22	24	17	26	0	0	0	1	1	1	1	1	0
*	*	3p	-	50	41471	29548	29772	41350	142141	29	119	39	40	22	21	16	21	15	26	16	11	0	0	0	1	2	1	0	0	0
*	*	3p	-	51	39052	27650	27785	38664	133151	42	128	34	26	27	23	24	13	15	20	16	16	0	0	0	0	0	0	0	0	0
*	*	3p	-	52	36372	26133	26171	36238	124914	25	117	41	30	13	19	12	20	16	21	10	17	0	0	0	0	0	0	0	1	0
*	*	3p	-	53	34313	24369	24483	33871	117036	30	117	42	28	21	11	12	13	14	25	7	10	1	0	1	1	1	0	0	2	0
*	*	3p	-	54	31952	22938	22799	31808	109497	33	93	36	23	22	10	12	18	25	16	7	9	0	0	0	0	2	0	1	0	0
*	*	3p	-	55	29784	21616	21372	29864	102636	22	88	19	18	15	11	9	16	11	17	9	7	0	0	0	1	2	2	1	1	0
*	*	3p	-	56	27833	20143	20208	27996	96180	20	77	24	23	14	14	5	18	15	16	15	7	1	0	0	0	0	0	1	0	0
*	*	3p	-	57	26080	18706	19020	26293	90099	19	74	29	22	5	14	12	10	24	9	6	10	0	0	0	0	2	0	0	0	0
*	*	3p	-	58	24560	17706	17563	24482	84311	22	77	17	19	11	13	10	8	9	14	6	7	0	0	0	0	0	0	0	0	0
*	*	3p	-	59	22884	16492	16476	22904	78756	17	69	21	11	6	14	9	9	15	7	8	9	1	0	0	0	0	0	0	0	0
*	*	3p	-	60	21531	15439	15465	21265	73700	19	77	19	15	8	5	10	9	8	12	4	8	1	1	0	0	0	1	1	0	0
*	*	3p	-	61	19881	14318	14563	20252	69014	23	71	16	15	7	15	7	6	7	14	9	3	0	1	0	0	0	1	0	0	0
*	*	3p	-	62	18776	13637	13437	18828	64678	12	49	14	11	7	13	5	1	13	12	7	7	0	0	0	1	1	1	1	0	0
*	*	3p	-	63	17399	12665	12694	17797	60555	13	61	18	8	3	16	3	9	13	12	5	3	0	0	0	0	0	0	0	0	0
*	*	3p	-	64	16517	12035	11914	16381	56847	18	69	12	20	7	9	10	5	14	9	5	7	0	1	0	0	0	0	0	0	0
*	*	3p	-	65	15330	10980	10962	15453	52725	11	56	13	12	6	10	8	6	3	6	4	6	1	0	0	0	0	0	0	0	0
*	*	3p	-	66	14173	10252	10277	14173	48875	9	64	10	9	6	9	6	5	9	8	3	2	0	0	0	0	0	1	0	0	0
*	*	3p	-	67	13151	9491	9547	13087	45276	8	47	15	14	8	4	6	9	6	5	4	5	0	0	0	0	0	0	0	0	0
*	*	3p	-	68	12097	8830	8865	11945	41737	11	48	15	5	5	3	6	2	5	5	5	3	0	0	0	1	0	0	0	0	0
*	*	3p	-	69	11145	8074	8168	11050	38437	10	33	11	11	5	14	2	6	7	10	5	3	0	0	0	0	0	0	0	0	0
*	*	3p	-	70	10252	7673	7466	10189	35580	14	44	7	8	8	10	3	3	5	4	3	1	0	0	0	0	0	0	0	0	0
*	*	5p	+	1	117482	83026	82200	117404	400112	212	1842	267	187	112	160	106	104	120	116	82	100	0	0	0	0	0	0	0	0	0
*	*	5p	+	2	117471	82449	82841	117331	400092	165	1192	207	187	83	114	60	57	84	110	61	99	0	0	0	0	11	8	1	0	0
*	*	5p	+	3	117515	83007	82729	116841	400092	151	830	208	181	94	121	61	77	105	101	66	90	1	3	0	2	3	10	1	6	0
*	*	5p	+	4	117362	82666	82913	117134	400075	174	566	210	201	90	129	85	65	99	117	82	94	12	8	3	2	13	10	6	8	0
*	*	5p	+	5	117435	82843	82592	117171	400041	179	450	199	190	120	100	75	75	104	127	79	88	11	15	10	10	23	14	10	24	0
*	*	5p	+	6	117396	83039	82694	116923	400052	176	356	211	204	89	98	56	64	97	88	70	71	12	3	7	5	14	10	16	20	0
*	*	5p	+	7	117350	83023	82313	117367	400053	168	315	202	199	82	101	52	71	100	86	75	72	9	8	5	6	21	17	15	6	0
*	*	5p	+	8	117552	82711	82421	117367	400051	184	265	215	176	81	87	61	79	83	88	66	71	11	21	4	4	15	15	17	14	0
*	*	5p	+	9	117153	82650	82630	117635	400068	184	239	180	178	94	105	75	68	93	89	85	92	2	11	7	6	14	17	9	4	0
*	*	5p	+	10	118022	82522	83035	116493	400072	184	222	205	177	89	92	61	79	100	85	65	69	7	6	9	5	8	8	9	15	0
*	*	5p	+	11	117430	83207	82580	116840	400057	189	215	188	182	85	104	84	56	90	95	67	77	6	11	5	4	14	16	10	15	0
*	*	5p	+	12	117617	82681	82698	117047	400043	175	233	177	196	77	97	58	57	74	98	46	59	10	8	3	4	31	21	10	7	0
*	*	5p	+	13	117141	82930	82527	117462	400060	206	200	188	207	90	83	71	69	81	88	63	59	8	6	6	2	12	16	10	14	0
*	*	5p	+	14	117072	83241	82378	117369	400060	180	221	220	181	101	84	65	67	100	94	57	75	8	6	8	3	13	14	12	13	0
*	*	5p	+	15	117565	82815	82494	117191	400065	190	192	180	203	77	81	60	80	91	87	59	68	6	9	3	4	13	17	11	6	0
*	*	5p	+	16	117311	82979	82528	117258	400076	202	227	208	194	89	96	54	62	92	83	72	60	5	5	7	4	14	8	9	5	0
*	*	5p	+	17	117698	82522	82839	117003	400062	184	211	196	208	90	93	55	68	86	92	60	66	11	8	4	8	15	17	7	11	0
*	*	5p	+	18	117260	82809	82819	117176	400064	179	209	190	205	96	77	68	53	85	86	60	78	5	12	5	8	11	10	14	13	0
*	*	5p	+	19	117128	82810	82711	117409	400058	190	214	181	212	86	84	59	59	74	73	70	72	7	8	9	5	13	11	18	12	0
*	*	5p	+	20	116844	82679	82549	118002	400074	199	184	190	203	89	94	69	67	118	90	78	65	8	6	6	7	14	4	12	8	0
*	*	5p	+	21	117200	82723	82903	117250	400076	222	227	188	192	98	72	78	73	95	91	55	61	9	8	3	6	5	16	9	6	0
*	*	5p	+	22	116945	82682	82496	117954	400077	233	207	180	192	97	90	56	75	70	84	68	70	4	6	3	5	4	12	10	9	0
*	*	5p	+	23	117111	82260	83162	117542	400075	185	197	167	177	111	90	73	74	84	96	79	55	9	7	4	7	8	11	10	8	0
*	*	5p	+	24	117351	82639	82458	117606	400054	199	199	203	192	93	95	70	63	92	81	79	79	10	7	3	9	18	12	14	14	0
*	*	5p	+	25	117158	82341	82570	117981	400050	182	174	219	185	85	84	62	75	105	101	63	79	10	6	5	4	19	12	17	14	0
*	*	5p	+	26	117182	82552	82747	117586	400067	222	192	201	194	89	97	64	81	107	112	61	71	6	12	5	11	13	12	7	13	0
*	*	5p	+	27	117330	82599	82584	117579	400092	239	218	219	194	112	89	54	76	104	99	59	68	3	4	6	7	8	6	1	5	0
*	*	5p	+	28	117333	82516	82479	117749	400077	234	188	200	201	110	99	69	62	91	83	55	71	6	8	5	4	7	12	7	9	0
*	*	5p	+	29	117427	82326	82834	117495	400082	285	181	176	216	103	97	56	84	93	111	67	75	4	8	4	4	6	11	8	5	0
*	*	5p	+	30	117619	82470	82228	117770	400087	353	195	205	205	99	93	80	63	77	103	70	62	2	7	3	3	8	12	2	3	0
*	*	5p	+	31	113195	80301	79928	114494	387918	346	163	208	203	87	103	70	86	106	91	59	50	7	2	4	5	10	9	9	6	0
*	*	5p	+	32	109452	77338	77540	110212	374542	385	211	213	219	104	100	58	73	99	84	74	78	6	5	2	3	7	9	8	8	0
*	*	5p	+	33	105260	74676	74917	105851	360704	367	180	173	220	96	83	62	84	87	99	60	77	7	2	4	6	7	9	9	7	0
*	*	5p	+	34	101211	71800	71755	101570	346336	325	165	177	205	111	106	66	51	90	102	62	78	6	3	2	3	9	10	6	2	0
*	*	5p	+	35	96448	68456	69074	97777	331755	332	171	170	181	84	78	50	55	79	72	63	66	8	9	0	2	7	3	2	6	0
*	*	5p	+	36	92370	65563	66014	92789	316736	356	200	170	191	89	93	60	66	66	77	65	72	1	4	3	3	7	10	4	5	0
*	*	5p	+	37	88615	62626	62598	88298	302137	364	164	149	158	83	96	49	64	69	77	47	68	2	2	1	2	2	4	6	4	0
*	*	5p	+	38	84156	59479	59498	84566	287699	332	169	174	168	72	85	58	59	70	83	54	48	1	1	1	0	4	5	5	4	0
*	*	5p	+	39	79093	56830	57231	80349	273503	342	135	144	159	60	61	43	46	69	72	51	55	1	3	1	2	3	4	3	1	0
*	*	5p	+	40	75473	53725	53796	76043	259037	274	115	107	138	63	56	44	48	48	59	29	48	3	1	1	2	3	4	2	2	0
*	*	5p	+	41	71723	50737	51254	72321	246035	293	116	119	119	63	66	31	40	56	38	47	51	2	0	1	0	3	4	7	2	0
*	*	5p	+	42	68330	48033	48622	68343	233328	254	104	100	116	51	54	39	36	44	56	36	44	2	0	1	0	2	4	3	4	0
*	*	5p	+	43	63896	46062	45839	64271	220068	270	97	93	73	30	50	26	38	51	46	34	30	3	2	0	1	0	0	0	1	0
*	*	5p	+	44	60157	43181	42992	60821	207151	237	92	89	80	44	39	34	24	43	37	31	22	0	2	0	0	2	1	3	0	0
*	*	5p	+	45	56738	40734	40774	56884	195130	208	93	68	87	35	40	30	28	38	28	37	41	1	1	0	0	3	2	4	2	0
*	*	5p	+	46	53408	38211	38612	53384	183615	201	61	74	71	37	29	27	21	36	29	25	33	0	0	2	3	0	1	1	1	0
*	*	5p	+	47	50002	35947	36152	50337	172438	191	62	56	56	35	29	27	24	32	36	19	25	1	1	0	1	1	0	1	2	0
*	*	5p	+	48	47002	33686	33976	47260	161924	192	45	55	54	35	35	25	28	33	29	25	23	2	1	0	1	2	0	0	1	0
*	*	5p	+	49	44243	31649	31708	44265	151865	162	44	59	41	24	24	29	29	20	19	19	25	1	2	0	0	1	0	1	0	0
*	*	5p	+	50	41555	29367	29497	41595	142014	150	56	50	48	27	29	20	24	24	22	22	23	1	0	0	1	0	1	0	2	0
*	*	5p	+	51	38635	27803	27817	38855	133110	128	34	44	45	22	26	13	19	28	28	16	23	1	0	0	2	0	1	0	0	0
*	*	5p	+	52	36252	26200	26176	36320	124948	117	33	39	28	21	18	14	14	16	18	24	17	0	2	0	0	1	1	0	0	0
*	*	5p	+	53	33807	24429	24450	34297	116983	119	29	46	44	29	18	15	12	25	16	16	16	0	0	0	1	1	0	1	1	0
*	*	5p	+	54	31917	22861	22905	31825	109508	95	29	29	41	20	20	15	18	27	20	12	14	0	1	0	1	1	0	1	0	0
*	*	5p	+	55	29905	21310	21627	29778	102620	90	38	33	42	25	11	20	14	15	19	27	15	0	1	0	0	0	2	1	0	0
*	*	5p	+	56	27784	20068	20332	27964	96148	106	21	29	27	21	12	15	11	11	17	8	10	0	1	1	1	1	1	1	1	0
*	*	5p	+	57	26318	18786	18697	26230	90031	87	22	22	25	18	19	14	8	13	11	7	14	0	0	0	0	0	1	1	0	0
*	*	5p	+	58	24290	17754	17697	24605	84346	121	20	22	31	11	11	13	5	11	14	16	16	0	0	0	0	0	0	0	0	0
*	*	5p	+	59	22859	16493	16432	22942	78726	84	25	30	34	11	8	10	12	16	13	13	7	1	1	0	0	1	0	2	0	0
*	*	5p	+	60	21267	15375	15517	21411	73570	83	14	38	22	15	11	9	8	13	17	8	13	1	0	0	0	0	0	0	1	0
*	*	5p	+	61	20065	14287	14432	20181	68965	73	21	22	22	12	16	8	10	11	10	8	12	0	0	0	0	1	0	1	0	0
*	*	5p	+	62	18690	13721	13560	18711	64682	65	21	21	21	9	9	4	8	10	14	7	4	0	2	1	0	0	0	0	1	0
*	*	5p	+	63	17466	12559	12806	17750	60581	66	17	15	13	9	7	8	4	14	10	10	8	0	0	0	1	0	0	0	0	0
*	*	5p	+	64	16453	11958	11856	16650	56917	77	19	11	21	9	8	10	15	7	13	7	3	1	0	1	0	0	0	0	0	0
*	*	5p	+	65	15244	11221	11003	15227	52695	53	17	17	15	9	13	6	10	17	6	7	7	0	1	0	0	0	0	0	0	0
*	*	5p	+	66	14144	10332	10108	14287	48871	52	11	11	18	9	15	6	4	11	3	7	9	1	1	0	0	0	0	0	0	0
*	*	5p	+	67	13053	9673	9395	13065	45186	57	10	18	8	9	14	7	10	5	1	8	3	1	1	0	0	0	0	0	0	0
*	*	5p	+	68	11922	8839	8733	12177	41671	50	16	16	12	7	6	1	8	10	8	3	3	1	0	0	0	0	1	1	0	0
*	*	5p	+	69	10932	8201	8174	11166	38473	48	8	11	10	1	7	2	10	9	7	9	10	0	0	0	0	0	0	0	1	0
*	*	5p	+	70	10233	7519	7484	10273	35509	42	13	13	17	7	5	7	6	8	6	3	4	0	0	0	0	1	0	0	0	0
*	*	5p	-	1	117858	82492	82777	116757	399884	177	1870	227	178	103	139	91	68	140	177	92	93	0	0	0	0	0	0	0	0	0
*	*	5p	-	2	117476	82302	82909	117197	399884	156	1231	221	190	84	141	68	74	101	111	58	77	0	0	0	0	0	0	0	0	0
*	*	5p	-	3	117658	83130	82462	116632	399882	161	798	196	211	84	115	56	71	98	91	45	77	0	0	0	0	0	1	1	0	0
*	*	5p	-	4	118025	82205	82393	117258	399881	168	566	227	201	107	121	59	93	127	112	66	66	0	0	0	0	1	1	0	1	0
*	*	5p	-	5	117686	82232	82905	116997	399820	184	423	195	208	115	108	75	87	120	110	61	84	12	7	8	9	13	20	15	16	0
*	*	5p	-	6	117839	82780	82846	116364	399829	160	347	198	210	110	100	68	57	108	106	66	77	9	6	9	12	16	15	11	13	0
*	*	5p	-	7	117573	82547	83048	116669	399837	159	287	207	193	85	114	61	62	72	127	65	66	11	11	6	7	13	15	8	11	0
*	*	5p	-	8	118065	82639	82321	116798	399823	146	259	222	211	84	104	60	70	91	84	69	52	9	11	8	7	18	17	12	14	0
*	*	5p	-	9	117565	82405	82543	117300	399813	190	224	217	184	99	94	53	70	91	94	57	80	6	8	5	4	22	15	16	18	0
*	*	5p	-	10	117554	82829	82253	117204	399840	177	207	193	172	89	99	60	66	91	91	69	62	12	7	4	6	9	12	11	12	0
*	*	5p	-	11	117038	82817	82558	117417	399830	166	218	188	177	74	97	70	67	84	80	57	76	7	7	9	3	15	10	14	15	0
*	*	5p	-	12	117309	82467	82786	117272	399834	163	206	188	189	97	92	60	62	84	79	80	66	12	1	3	3	10	12	13	15	0
*	*	5p	-	13	117236	82367	82557	117676	399836	182	206	189	174	68	90	65	61	88	91	64	65	9	8	6	4	13	14	13	8	0
*	*	5p	-	14	117343	82674	82445	117366	399828	180	190	197	200	90	81	69	58	75	87	65	76	7	10	5	5	15	16	13	12	0
*	*	5p	-	15	117799	82549	82228	117266	399842	173	203	193	202	85	87	54	77	83	89	58	62	4	8	7	7	11	12	8	11	0
*	*	5p	-	16	117024	82679	82780	117371	399854	173	200	204	206	93	86	70	72	97	104	69	57	5	4	5	8	11	5	7	7	0
*	*	5p	-	17	117558	82930	82476	116866	399830	191	201	201	161	92	97	75	69	88	80	59	67	9	10	3	7	13	9	14	18	0
*	*	5p	-	18	117843	82440	82382	117184	399849	200	225	205	198	98	115	56	61	78	86	54	55	15	9	6	5	10	11	11	3	0
*	*	5p	-	19	117343	82448	82712	117331	399834	172	169	176	185	94	81	68	55	86	101	63	68	14	13	8	3	16	11	13	10	0
*	*	5p	-	20	117379	82339	82762	117363	399843	188	177	189	193	70	94	69	65	89	79	52	55	7	7	5	1	10	7	14	10	0
*	*	5p	-	21	117477	82465	82399	117499	399840	185	221	191	195	84	90	69	58	98	99	60	58	15	14	8	2	10	13	12	9	0
*	*	5p	-	22	117467	82319	82562	117492	399840	172	209	205	194	75	94	68	82	95	96	58	69	11	11	4	3	4	15	17	8	0
*	*	5p	-	23	117347	81921	83091	117487	399846	212	196	212	207	98	87	68	65	98	91	52	46	3	10	3	4	10	14	6	8	0
*	*	5p	-	24	117665	82084	82409	117685	399843	201	159	194	197	80	89	64	61	84	100	62	61	5	5	5	3	10	11	11	9	0
*	*	5p	-	25	116872	82385	82842	117735	399834	207	189	192	187	79	93	77	66	95	103	53	79	9	4	5	7	14	20	9	7	0
*	*	5p	-	26	117409	81836	82594	117993	399832	226	178	190	206	87	87	60	85	84	103	61	77	13	11	5	7	20	16	9	7	0
*	*	5p	-	27	116982	82209	83566	117088	399845	252	188	167	186	104	93	69	77	93	119	65	73	5	8	7	3	7	19	6	7	0
*	*	5p	-	28	117476	82807	82662	116905	399850	245	178	191	204	80	102	59	79	84	81	64	67	12	9	1	5	13	13	4	4	0
*	*	5p	-	29	117597	82393	82247	117608	399845	310	199	187	201	100	111	59	72	95	105	68	71	9	8	4	6	13	12	7	7	0
*	*	5p	-	30	117139	82345	83071	117293	399848	325	193	196	195	98	111	59	71	102	107	60	66	6	6	2	3	11	11	8	6	0
*	*	5p	-	31	114003	80146	79792	114037	387978	385	186	178	189	80	96	65	71	96	103	59	69	5	7	2	2	5	8	5	6	0
*	*	5p	-	32	109571	77537	77062	110393	374563	354	172	205	196	101	94	59	88	81	101	72	60	2	5	4	4	7	13	23	5	0
*	*	5p	-	33	106001	73883	75116	105704	360704	397	195	228	236	91	100	63	72	79	83	75	83	9	2	2	2	7	9	6	5	0
*	*	5p	-	34	101224	71629	71783	101561	346197	343	161	197	186	82	93	57	81	89	111	51	69	4	11	0	6	9	7	1	2	0
*	*	5p	-	35	97263	68952	68550	96852	331617	374	183	159	212	86	82	64	79	95	76	52	68	5	8	4	2	9	8	4	3	0
*	*	5p	-	36	92032	65552	65601	93563	316748	359	177	176	198	90	64	51	78	84	85	46	41	7	6	3	1	2	8	4	1	0
*	*	5p	-	37	88261	62414	62471	88897	302043	340	164	144	174	91	85	65	57	68	81	48	57	4	5	2	1	7	4	1	1	0
*	*	5p	-	38	83836	59401	59724	84369	287330	309	151	165	162	92	83	59	68	73	78	52	51	2	2	2	3	5	8	5	4	0
*	*	5p	-	39	79779	56791	56481	79908	272959	306	149	139	153	55	69	45	53	56	69	41	41	1	2	1	1	9	5	1	4	0
*	*	5p	-	40	75456	53525	53646	75973	258600	315	126	121	112	69	58	45	44	52	50	40	55	4	3	3	2	4	3	0	2	0
*	*	5p	-	41	71995	50868	50974	71618	245455	268	95	101	133	57	55	33	49	44	56	46	34	0	1	0	0	4	3	0	1	0
*	*	5p	-	42	67226	48798	48490	68115	232629	262	76	96	116	35	56	34	35	51	65	40	36	0	1	1	2	1	3	2	0	0
*	*	5p	-	43	63936	45870	45678	64007	219491	231	95	80	84	45	46	29	34	32	59	25	31	2	3	1	2	1	4	1	3	0
*	*	5p	-	44	60137	43082	42988	60601	206808	198	77	71	78	39	38	33	31	48	45	28	27	2	3	1	1	0	1	2	2	0
*	*	5p	-	45	56821	40675	40620	56669	194785	218	64	61	74	57	43	26	25	38	33	24	29	1	4	1	0	2	2	0	1	0
*	*	5p	-	46	53042	38450	38201	53666	183359	206	49	67	54	33	36	27	28	34	45	17	32	2	0	1	3	2	2	2	0	0
*	*	5p	-	47	50328	36000	35755	50266	172349	190	68	62	59	33	36	32	33	36	32	20	27	2	0	1	0	0	3	5	0	0
*	*	5p	-	48	47026	34038	33785	47268	162117	152	54	74	62	29	36	20	25	27	27	20	26	0	1	0	0	1	3	0	0	0
*	*	5p	-	49	44192	31756	31842	44169	151959	185	37	44	59	24	29	17	17	24	25	17	21	2	1	1	0	2	1	0	0	0
*	*	5p	-	50	41069	29669	29855	41551	142144	146	42	45	32	26	21	23	23	30	18	30	21	1	0	0	3	0	0	0	0	0
*	*	5p	-	51	38518	27978	28145	38510	133151	137	37	42	42	17	25	15	20	16	21	15	15	1	1	2	0	0	0	0	0	0
*	*	5p	-	52	36087	26133	26128	36565	124913	126	35	38	47	24	26	16	28	19	24	21	17	1	1	1	1	0	2	0	0	0
*	*	5p	-	53	33792	24253	24737	34250	117032	132	31	30	30	28	15	18	25	19	14	14	18	1	1	0	0	2	3	2	0	0
*	*	5p	-	54	31555	23045	23142	31754	109496	115	32	34	48	18	24	19	22	15	19	10	9	0	1	0	2	1	3	0	0	0
*	*	5p	-	55	30094	21622	21364	29559	102639	98	19	35	36	15	11	12	12	17	21	16	13	0	0	0	2	1	1	0	1	0
*	*	5p	-	56	27942	20045	20491	27700	96178	85	19	27	24	18	13	11	14	9	10	18	16	1	0	0	0	1	1	0	1	0
*	*	5p	-	57	26051	19155	18826	26065	90097	91	21	31	36	15	18	11	13	14	16	18	9	0	0	0	0	1	1	0	2	0
*	*	5p	-	58	24596	17630	17639	24446	84311	81	24	30	20	11	14	9	6	14	14	16	8	0	0	0	0	0	0	0	0	0
*	*	5p	-	59	22995	16502	16725	22533	78755	78	28	20	21	17	14	13	16	9	19	15	6	0	0	0	0	0	0	1	0	0
*	*	5p	-	60	21400	15543	15447	21310	73700	64	23	26	18	11	11	8	9	13	12	12	13	1	0	0	1	0	0	2	0	0
*	*	5p	-	61	19964	14443	14541	20063	69011	76	10	17	25	9	19	11	10	11	17	13	9	0	2	0	0	3	0	0	1	0
*	*	5p	-	62	18657	13584	13656	18782	64679	69	12	24	24	11	16	6	14	7	18	8	8	0	1	0	1	1	0	0	1	0
*	*	5p	-	63	17445	12792	12771	17546	60554	77	17	25	18	6	10	7	6	9	9	11	9	0	0	0	0	0	0	0	1	0
*	*	5p	-	64	16482	11930	11984	16451	56847	72	15	25	18	13	17	12	8	8	8	8	10	0	0	0	0	0	0	0	0	0
*	*	5p	-	65	15233	10886	11180	15423	52722	61	13	11	19	12	15	8	9	10	9	13	6	0	0	0	0	1	0	1	1	0
*	*	5p	-	66	14316	10282	10134	14144	48876	61	10	22	16	12	8	2	2	11	9	4	3	0	0	0	0	0	0	0	0	0
*	*	5p	-	67	13058	9437	9576	13203	45274	49	14	8	13	6	7	8	8	13	3	7	7	0	0	0	0	0	0	0	0	0
*	*	5p	-	68	12198	8635	8676	12225	41734	62	10	16	9	6	5	5	4	6	3	4	3	0	1	0	0	0	0	0	0	0
*	*	5p	-	69	11056	7880	8259	11237	38432	44	9	5	7	3	9	6	5	6	7	5	9	0	0	0	0	1	0	0	0	0
*	*	5p	-	70	10121	7584	7503	10363	35571	50	13	13	11	6	8	8	6	5	8	4	5	1	0	0	0	0	0	0	0	0
