Sample	Library	End	Std	Pos	A	C	G	T	Total	G>A	C>T	A>G	T>C	A>C	A>T	C>G	C>A	T>G	T>A	G>C	G>T	A>-	T>-	C>-	G>-	->A	->T	->C	->G	S
*	*	3p	+	1	112269	79698	78542	113415	383924	535	77	116	128	77	110	40	88	72	90	61	77	0	0	0	0	0	0	0	0	0
*	*	3p	+	2	112260	80435	79562	113762	386019	325	61	93	140	96	83	53	56	70	97	64	55	0	0	0	0	0	0	0	0	0
*	*	3p	+	3	113716	79964	79850	114693	388223	221	53	117	129	72	73	46	44	60	83	39	63	0	0	0	0	0	0	0	1	0
*	*	3p	+	4	113714	80571	79570	114368	388223	319	98	132	136	72	87	55	52	69	64	87	48	0	0	0	0	0	0	0	0	0
*	*	3p	+	5	113521	80105	80129	114468	388223	247	88	124	109	73	120	52	45	64	92	54	61	0	0	0	0	1	1	3	2	0
*	*	3p	+	6	112958	80274	80517	114394	388143	207	111	131	155	68	88	34	46	63	65	57	45	0	0	0	0	5	12	57	17	0
*	*	3p	+	7	113446	79758	80819	114178	388201	187	124	109	153	59	89	41	45	76	61	48	54	2	5	1	6	16	10	10	7	0
*	*	3p	+	8	113614	79808	80689	114075	388186	146	102	107	141	80	91	42	49	63	62	34	64	6	8	0	4	18	16	14	8	0
*	*	3p	+	9	113203	80206	80295	114496	388200	134	103	122	135	66	63	48	47	57	60	40	45	5	6	4	8	8	12	13	11	0
*	*	3p	+	10	113911	79971	80108	114209	388199	118	100	117	102	77	42	47	37	68	48	38	44	3	2	3	8	16	9	9	9	0
*	*	3p	+	11	113460	80322	80171	114261	388214	129	100	101	133	53	43	46	33	61	40	47	35	4	7	4	1	4	7	6	13	0
*	*	3p	+	12	113916	79629	80251	114421	388217	159	83	91	84	53	94	31	40	60	65	36	55	4	3	2	2	14	3	5	5	0
*	*	3p	+	13	113966	80268	79771	114215	388220	107	90	84	104	45	61	39	42	61	64	54	53	0	5	4	1	3	7	8	6	0
*	*	3p	+	14	113523	80486	79993	114220	388222	108	89	90	98	52	53	39	38	47	63	39	44	5	3	3	9	7	7	3	5	0
*	*	3p	+	15	113293	80089	80174	114657	388213	115	100	80	104	66	57	27	26	60	44	34	31	4	1	1	0	7	13	8	3	0
*	*	3p	+	16	113588	79706	80112	114812	388218	101	101	99	92	60	48	37	39	59	40	36	39	5	4	2	0	10	6	3	7	0
*	*	3p	+	17	113871	80339	80148	113858	388216	84	84	112	82	50	57	28	56	47	35	27	42	1	1	2	2	4	11	10	3	0
*	*	3p	+	18	113680	79835	80386	114324	388225	96	78	81	91	53	56	43	41	46	45	38	36	3	2	1	2	6	8	0	5	0
*	*	3p	+	19	113392	80415	79936	114488	388231	72	70	85	64	41	46	29	35	47	57	19	30	2	2	3	0	1	7	3	2	0
*	*	3p	+	20	114150	80136	79887	114051	388224	70	71	74	51	41	42	23	21	36	38	24	33	3	3	2	4	3	3	8	6	0
*	*	3p	+	21	113469	80364	80343	114054	388230	77	61	62	66	39	46	33	32	36	54	31	29	3	1	1	0	1	7	3	3	0
*	*	3p	+	22	114391	79958	79834	114049	388232	69	78	58	67	47	49	27	29	36	45	29	34	6	1	1	0	3	0	3	6	0
*	*	3p	+	23	114214	80071	79678	114254	388217	62	65	70	69	27	33	32	47	19	22	29	26	8	2	1	6	12	7	5	3	0
*	*	3p	+	24	113774	80367	80364	113684	388189	145	145	141	129	73	92	49	62	76	50	57	55	1	5	3	3	15	17	8	15	0
*	*	3p	+	25	114830	79570	79764	114024	388188	151	137	151	136	85	77	42	66	56	63	58	59	3	2	2	6	34	12	4	6	0
*	*	3p	+	26	113797	80310	80284	113806	388197	120	163	157	112	65	76	59	56	74	88	44	51	2	3	4	3	20	6	13	8	0
*	*	3p	+	27	113839	80024	80172	114169	388204	148	145	131	121	75	59	55	56	68	78	47	45	10	9	3	1	21	10	1	8	0
*	*	3p	+	28	114791	80013	79878	113537	388219	125	148	127	120	62	90	49	56	70	79	61	61	12	10	4	2	10	7	3	5	0
*	*	3p	+	29	114273	80184	79875	113874	388206	138	150	121	111	75	65	65	49	84	75	58	69	11	4	2	5	8	11	1	18	0
*	*	3p	+	30	113555	80506	80404	113758	388223	129	170	147	160	84	80	56	54	96	86	58	49	1	1	11	0	5	6	4	6	0
*	*	3p	+	31	111091	78022	77840	110506	377459	113	198	119	143	67	91	46	56	77	62	44	51	4	9	2	4	5	11	3	4	0
*	*	3p	+	32	106616	75443	75894	107557	365510	111	191	113	116	61	72	45	64	62	56	46	58	1	1	6	2	6	7	6	2	0
*	*	3p	+	33	103804	73501	72431	103138	352874	123	150	110	112	71	70	61	53	68	62	54	38	4	1	4	3	4	6	2	6	0
*	*	3p	+	34	100246	70426	70237	98730	339639	123	157	117	92	66	52	34	37	52	62	41	59	5	2	1	2	3	6	3	6	0
*	*	3p	+	35	95599	67544	67729	95109	325981	96	151	100	86	65	61	35	49	59	53	40	52	3	1	0	6	17	3	1	2	0
*	*	3p	+	36	91487	64437	64507	91575	312006	80	145	107	88	43	63	37	35	59	43	34	45	1	4	1	1	8	5	2	3	0
*	*	3p	+	37	87680	61646	62143	86740	298209	93	134	82	75	52	52	44	29	44	61	42	40	4	4	1	1	5	1	1	3	0
*	*	3p	+	38	83565	59101	58772	83095	284533	97	136	90	90	47	51	43	34	55	52	31	35	2	0	0	0	4	2	3	3	0
*	*	3p	+	39	79121	56664	56193	79304	271282	64	124	68	52	37	65	31	21	40	43	30	48	4	2	0	1	7	1	4	1	0
*	*	3p	+	40	75582	53429	53508	75208	257727	73	124	54	73	30	40	38	32	58	39	26	40	1	2	3	2	3	7	0	3	0
*	*	3p	+	41	72068	50982	50776	71521	245347	54	125	100	60	41	44	30	28	33	26	31	31	1	2	2	1	2	1	1	1	0
*	*	3p	+	42	68004	48227	48732	68098	233061	53	116	61	67	42	61	33	35	43	46	30	32	0	2	2	1	3	0	0	5	0
*	*	3p	+	43	64014	45308	45910	64736	219968	52	113	61	47	37	39	29	21	30	33	21	23	1	0	0	4	1	0	3	1	0
*	*	3p	+	44	60258	43157	43290	60515	207220	52	117	57	64	50	37	27	25	31	30	26	27	1	0	0	2	0	1	4	3	0
*	*	3p	+	45	57329	40589	40707	56733	195358	49	109	45	74	33	50	20	25	40	21	24	26	0	5	0	1	2	3	0	1	0
*	*	3p	+	46	53686	38108	38462	53656	183912	41	113	59	45	29	20	26	21	26	36	16	19	3	1	1	2	0	2	1	3	0
*	*	3p	+	47	50354	36218	36117	50056	172745	54	98	42	37	25	29	22	14	26	23	21	25	1	1	0	0	0	0	1	5	0
*	*	3p	+	48	47481	33753	33887	47134	162255	40	89	46	41	21	20	17	22	25	22	19	14	0	1	1	1	1	0	0	2	0
*	*	3p	+	49	44510	31838	31771	44149	152268	39	75	43	27	21	19	13	22	30	22	21	14	0	0	1	0	0	2	1	1	0
*	*	3p	+	50	41331	29818	29799	41500	142448	46	75	37	34	19	17	11	13	18	14	14	19	1	1	1	0	0	2	0	0	0
*	*	3p	+	51	39201	27718	27798	38894	133611	30	77	37	35	20	21	17	13	25	19	13	24	0	0	1	0	0	0	0	1	0
*	*	3p	+	52	36579	26211	26199	36481	125470	23	79	32	18	12	17	14	17	5	14	16	12	0	1	2	0	0	0	0	0	0
*	*	3p	+	53	34160	24467	24616	34263	117506	22	58	30	26	24	9	12	13	13	17	11	16	1	0	0	0	0	1	0	0	0
*	*	3p	+	54	32000	22912	23100	32058	110070	15	53	24	24	11	13	12	11	14	19	13	13	1	0	0	0	0	0	1	0	0
*	*	3p	+	55	30171	21628	21704	29678	103181	18	55	26	21	14	11	8	11	14	13	11	14	0	0	0	0	0	0	0	0	0
*	*	3p	+	56	28114	20104	20088	28420	96726	15	47	23	21	15	13	11	15	4	19	6	11	0	0	0	0	2	0	0	0	0
*	*	3p	+	57	26010	18941	19114	26538	90603	14	32	16	21	10	11	10	9	15	14	8	19	0	1	0	0	0	1	0	0	0
*	*	3p	+	58	24660	17797	17827	24608	84892	27	36	15	12	8	8	12	9	9	14	8	7	0	0	0	0	0	1	0	0	0
*	*	3p	+	59	23342	16553	16523	22850	79268	15	51	17	20	8	7	8	7	9	11	4	6	0	0	0	0	0	0	1	0	0
*	*	3p	+	60	21589	15454	15744	21326	74113	15	41	9	9	11	14	8	12	10	12	13	10	0	0	0	0	0	0	0	0	0
*	*	3p	+	61	20101	14694	14497	20181	69473	11	35	11	11	12	7	5	5	14	12	8	11	1	0	1	0	0	0	0	1	0
*	*	3p	+	62	18707	13773	13697	19003	65180	13	28	20	10	20	11	6	6	2	15	3	13	0	0	0	0	0	0	0	1	0
*	*	3p	+	63	17685	12820	12786	17751	61042	13	37	17	17	11	10	4	7	10	8	7	7	0	0	0	0	0	0	0	0	0
*	*	3p	+	64	16487	12099	12222	16539	57347	16	31	10	22	8	8	8	10	6	9	5	7	0	1	0	0	0	0	0	1	0
*	*	3p	+	65	15271	11091	11236	15514	53112	8	41	9	13	6	10	3	7	7	9	7	9	0	1	0	0	0	0	0	0	0
*	*	3p	+	66	14260	10202	10465	14361	49288	4	28	9	4	9	11	3	7	7	12	6	5	0	0	0	0	0	1	0	0	0
*	*	3p	+	67	13024	9671	9501	13393	45589	10	35	13	10	8	7	6	4	10	8	4	8	0	2	0	0	0	0	0	1	0
*	*	3p	+	68	12239	8775	8905	12123	42042	11	23	10	6	6	4	3	4	4	3	2	5	0	0	0	0	0	0	0	0	0
*	*	3p	+	69	11207	8177	8127	11311	38822	4	24	10	12	5	3	2	6	6	2	4	6	0	0	0	0	0	0	0	0	0
*	*	3p	+	70	10345	7570	7548	10398	35861	9	26	4	5	3	2	3	3	2	7	1	3	0	0	0	0	0	0	0	0	0
*	*	3p	+	71	9659	6928	6873	9658	33118	6	28	6	5	4	7	5	3	5	2	2	5	1	0	0	0	0	0	0	0	0
*	*	3p	+	72	8800	6403	6333	9006	30542	10	35	7	8	5	9	3	5	4	6	6	1	0	0	0	0	0	0	0	0	0
*	*	3p	+	73	8112	5963	5965	7996	28036	1	27	4	3	2	4	1	1	5	5	3	1	0	0	0	0	0	0	0	0	0
*	*	3p	+	74	8100	5816	5878	8240	28034	1	47	5	6	5	4	3	2	0	4	1	4	0	0	0	0	0	0	0	0	0
*	*	3p	+	75	8116	5937	5900	8081	28034	4	54	4	5	4	5	3	6	3	8	5	3	0	0	0	0	0	0	0	0	0
*	*	3p	+	76	6	7	4	4	21	0	0	0	0	0	0	0	0	0	0	0	0	0	0	0	0	0	0	0	0	0
*	*	3p	+	77	1	0	0	1	2	0	0	0	0	0	0	0	0	0	0	0	0	0	0	0	0	0	0	0	0	0
*	*	3p	+	78	1	0	0	0	1	0	0	0	0	0	0	0	0	0	0	0	0	0	0	0	0	0	0	0	0	0
*	*	3p	+	79	0	0	0	0	0	0	0	0	0	0	0	0	0	0	0	0	0	0	0	0	0	0	0	0	0	0
*	*	3p	+	80	0	0	0	0	0	0	0	0	0	0	0	0	0	0	0	0	0	0	0	0	0	0	0	0	0	0
*	*	3p	+	81	0	0	0	0	0	0	0	0	0	0	0	0	0	0	0	0	0	0	0	0	0	0	0	0	0	0
*	*	3p	+	82	0	0	0	0	0	0	0	0	0	0	0	0	0	0	0	0	0	0	0	0	0	0	0	0	0	0
*	*	3p	+	83	0	0	0	0	0	0	0	0	0	0	0	0	0	0	0	0	0	0	0	0	0	0	0	0	0	0
*	*	3p	+	84	0	0	0	0	0	0	0	0	0	0	0	0	0	0	0	0	0	0	0	0	0	0	0	0	0	0
*	*	3p	+	85	0	0	0	0	0	0	0	0	0	0	0	0	0	0	0	0	0	0	0	0	0	0	0	0	0	0
*	*	3p	+	86	0	0	0	0	0	0	0	0	0	0	0	0	0	0	0	0	0	0	0	0	0	0	0	0	0	0
*	*	3p	+	87	0	0	0	0	0	0	0	0	0	0	0	0	0	0	0	0	0	0	0	0	0	0	0	0	0	0
*	*	3p	+	88	0	0	0	0	0	0	0	0	0	0	0	0	0	0	0	0	0	0	0	0	0	0	0	0	0	0
*	*	3p	+	89	0	0	0	0	0	0	0	0	0	0	0	0	0	0	0	0	0	0	0	0	0	0	0	0	0	0
*	*	3p	+	90	0	0	0	0	0	0	0	0	0	0	0	0	0	0	0	0	0	0	0	0	0	0	0	0	0	0
*	*	3p	+	91	0	0	0	0	0	0	0	0	0	0	0	0	0	0	0	0	0	0	0	0	0	0	0	0	0	0
*	*	3p	+	92	0	0	0	0	0	0	0	0	0	0	0	0	0	0	0	0	0	0	0	0	0	0	0	0	0	0
*	*	3p	+	93	0	0	0	0	0	0	0	0	0	0	0	0	0	0	0	0	0	0	0	0	0	0	0	0	0	0
*	*	3p	+	94	0	0	0	0	0	0	0	0	0	0	0	0	0	0	0	0	0	0	0	0	0	0	0	0	0	0
*	*	3p	+	95	0	0	0	0	0	0	0	0	0	0	0	0	0	0	0	0	0	0	0	0	0	0	0	0	0	0
*	*	3p	+	96	0	0	0	0	0	0	0	0	0	0	0	0	0	0	0	0	0	0	0	0	0	0	0	0	0	0
*	*	3p	+	97	0	0	0	0	0	0	0	0	0	0	0	0	0	0	0	0	0	0	0	0	0	0	0	0	0	0
*	*	3p	+	98	0	0	0	0	0	0	0	0	0	0	0	0	0	0	0	0	0	0	0	0	0	0	0	0	0	0
*	*	3p	+	99	0	0	0	0	0	0	0	0	0	0	0	0	0	0	0	0	0	0	0	0	0	0	0	0	0	0
*	*	3p	+	100	0	0	0	0	0	0	0	0	0	0	0	0	0	0	0	0	0	0	0	0	0	0	0	0	0	0
*	*	3p	+	101	0	0	0	0	0	0	0	0	0	0	0	0	0	0	0	0	0	0	0	0	0	0	0	0	0	0
*	*	3p	+	102	0	0	0	0	0	0	0	0	0	0	0	0	0	0	0	0	0	0	0	0	0	0	0	0	0	0
*	*	3p	+	103	0	0	0	0	0	0	0	0	0	0	0	0	0	0	0	0	0	0	0	0	0	0	0	0	0	0
*	*	3p	+	104	0	0	0	0	0	0	0	0	0	0	0	0	0	0	0	0	0	0	0	0	0	0	0	0	0	0
*	*	3p	+	105	0	0	0	0	0	0	0	0	0	0	0	0	0	0	0	0	0	0	0	0	0	0	0	0	0	0
*	*	3p	+	106	0	0	0	0	0	0	0	0	0	0	0	0	0	0	0	0	0	0	0	0	0	0	0	0	0	0
*	*	3p	+	107	0	0	0	0	0	0	0	0	0	0	0	0	0	0	0	0	0	0	0	0	0	0	0	0	0	0
*	*	3p	+	108	0	0	0	0	0	0	0	0	0	0	0	0	0	0	0	0	0	0	0	0	0	0	0	0	0	0
*	*	3p	+	109	0	0	0	0	0	0	0	0	0	0	0	0	0	0	0	0	0	0	0	0	0	0	0	0	0	0
*	*	3p	+	110	0	0	0	0	0	0	0	0	0	0	0	0	0	0	0	0	0	0	0	0	0	0	0	0	0	0
*	*	3p	+	111	0	0	0	0	0	0	0	0	0	0	0	0	0	0	0	0	0	0	0	0	0	0	0	0	0	0
*	*	3p	+	112	0	0	0	0	0	0	0	0	0	0	0	0	0	0	0	0	0	0	0	0	0	0	0	0	0	0
*	*	3p	+	113	0	0	0	0	0	0	0	0	0	0	0	0	0	0	0	0	0	0	0	0	0	0	0	0	0	0
*	*	3p	+	114	0	0	0	0	0	0	0	0	0	0	0	0	0	0	0	0	0	0	0	0	0	0	0	0	0	0
*	*	3p	+	115	0	0	0	0	0	0	0	0	0	0	0	0	0	0	0	0	0	0	0	0	0	0	0	0	0	0
*	*	3p	+	116	0	0	0	0	0	0	0	0	0	0	0	0	0	0	0	0	0	0	0	0	0	0	0	0	0	0
*	*	3p	+	117	0	0	0	0	0	0	0	0	0	0	0	0	0	0	0	0	0	0	0	0	0	0	0	0	0	0
*	*	3p	+	118	0	0	0	0	0	0	0	0	0	0	0	0	0	0	0	0	0	0	0	0	0	0	0	0	0	0
*	*	3p	+	119	0	0	0	0	0	0	0	0	0	0	0	0	0	0	0	0	0	0	0	0	0	0	0	0	0	0
*	*	3p	+	120	0	0	0	0	0	0	0	0	0	0	0	0	0	0	0	0	0	0	0	0	0	0	0	0	0	0
*	*	3p	+	121	0	0	0	0	0	0	0	0	0	0	0	0	0	0	0	0	0	0	0	0	0	0	0	0	0	0
*	*	3p	+	122	0	0	0	0	0	0	0	0	0	0	0	0	0	0	0	0	0	0	0	0	0	0	0	0	0	0
*	*	3p	+	123	0	0	0	0	0	0	0	0	0	0	0	0	0	0	0	0	0	0	0	0	0	0	0	0	0	0
*	*	3p	+	124	0	0	0	0	0	0	0	0	0	0	0	0	0	0	0	0	0	0	0	0	0	0	0	0	0	0
*	*	3p	+	125	0	0	0	0	0	0	0	0	0	0	0	0	0	0	0	0	0	0	0	0	0	0	0	0	0	0
*	*	3p	+	126	0	0	0	0	0	0	0	0	0	0	0	0	0	0	0	0	0	0	0	0	0	0	0	0	0	0
*	*	3p	+	127	0	0	0	0	0	0	0	0	0	0	0	0	0	0	0	0	0	0	0	0	0	0	0	0	0	0
*	*	3p	+	128	0	0	0	0	0	0	0	0	0	0	0	0	0	0	0	0	0	0	0	0	0	0	0	0	0	0
*	*	3p	+	129	0	0	0	0	0	0	0	0	0	0	0	0	0	0	0	0	0	0	0	0	0	0	0	0	0	0
*	*	3p	+	130	0	0	0	0	0	0	0	0	0	0	0	0	0	0	0	0	0	0	0	0	0	0	0	0	0	0
*	*	3p	+	131	0	0	0	0	0	0	0	0	0	0	0	0	0	0	0	0	0	0	0	0	0	0	0	0	0	0
*	*	3p	+	132	0	0	0	0	0	0	0	0	0	0	0	0	0	0	0	0	0	0	0	0	0	0	0	0	0	0
*	*	3p	+	133	0	0	0	0	0	0	0	0	0	0	0	0	0	0	0	0	0	0	0	0	0	0	0	0	0	0
*	*	3p	+	134	0	0	0	0	0	0	0	0	0	0	0	0	0	0	0	0	0	0	0	0	0	0	0	0	0	0
*	*	3p	+	135	0	0	0	0	0	0	0	0	0	0	0	0	0	0	0	0	0	0	0	0	0	0	0	0	0	0
*	*	3p	+	136	0	0	0	0	0	0	0	0	0	0	0	0	0	0	0	0	0	0	0	0	0	0	0	0	0	0
*	*	3p	+	137	0	0	0	0	0	0	0	0	0	0	0	0	0	0	0	0	0	0	0	0	0	0	0	0	0	0
*	*	3p	+	138	0	0	0	0	0	0	0	0	0	0	0	0	0	0	0	0	0	0	0	0	0	0	0	0	0	0
*	*	3p	+	139	0	0	0	0	0	0	0	0	0	0	0	0	0	0	0	0	0	0	0	0	0	0	0	0	0	0
*	*	3p	+	140	0	0	0	0	0	0	0	0	0	0	0	0	0	0	0	0	0	0	0	0	0	0	0	0	0	0
*	*	3p	+	141	0	0	0	0	0	0	0	0	0	0	0	0	0	0	0	0	0	0	0	0	0	0	0	0	0	0
*	*	3p	+	142	0	0	0	0	0	0	0	0	0	0	0	0	0	0	0	0	0	0	0	0	0	0	0	0	0	0
*	*	3p	+	143	0	0	0	0	0	0	0	0	0	0	0	0	0	0	0	0	0	0	0	0	0	0	0	0	0	0
*	*	3p	+	144	0	0	0	0	0	0	0	0	0	0	0	0	0	0	0	0	0	0	0	0	0	0	0	0	0	0
*	*	3p	+	145	0	0	0	0	0	0	0	0	0	0	0	0	0	0	0	0	0	0	0	0	0	0	0	0	0	0
*	*	3p	+	146	0	0	0	0	0	0	0	0	0	0	0	0	0	0	0	0	0	0	0	0	0	0	0	0	0	0
*	*	3p	+	147	0	0	0	0	0	0	0	0	0	0	0	0	0	0	0	0	0	0	0	0	0	0	0	0	0	0
*	*	3p	+	148	0	0	0	0	0	0	0	0	0	0	0	0	0	0	0	0	0	0	0	0	0	0	0	0	0	0
*	*	3p	+	149	0	0	0	0	0	0	0	0	0	0	0	0	0	0	0	0	0	0	0	0	0	0	0	0	0	0
*	*	3p	+	150	0	0	0	0	0	0	0	0	0	0	0	0	0	0	0	0	0	0	0	0	0	0	0	0	0	0
*	*	3p	+	151	0	0	0	0	0	0	0	0	0	0	0	0	0	0	0	0	0	0	0	0	0	0	0	0	0	0
*	*	3p	+	152	0	0	0	0	0	0	0	0	0	0	0	0	0	0	0	0	0	0	0	0	0	0	0	0	0	0
*	*	3p	+	153	0	0	0	0	0	0	0	0	0	0	0	0	0	0	0	0	0	0	0	0	0	0	0	0	0	0
*	*	3p	+	154	0	0	0	0	0	0	0	0	0	0	0	0	0	0	0	0	0	0	0	0	0	0	0	0	0	0
*	*	3p	+	155	0	0	0	0	0	0	0	0	0	0	0	0	0	0	0	0	0	0	0	0	0	0	0	0	0	0
*	*	3p	+	156	0	0	0	0	0	0	0	0	0	0	0	0	0	0	0	0	0	0	0	0	0	0	0	0	0	0
*	*	3p	+	157	0	0	0	0	0	0	0	0	0	0	0	0	0	0	0	0	0	0	0	0	0	0	0	0	0	0
*	*	3p	+	158	0	0	0	0	0	0	0	0	0	0	0	0	0	0	0	0	0	0	0	0	0	0	0	0	0	0
*	*	3p	+	159	0	0	0	0	0	0	0	0	0	0	0	0	0	0	0	0	0	0	0	0	0	0	0	0	0	0
*	*	3p	+	160	0	0	0	0	0	0	0	0	0	0	0	0	0	0	0	0	0	0	0	0	0	0	0	0	0	0
*	*	3p	+	161	0	0	0	0	0	0	0	0	0	0	0	0	0	0	0	0	0	0	0	0	0	0	0	0	0	0
*	*	3p	+	162	0	0	0	0	0	0	0	0	0	0	0	0	0	0	0	0	0	0	0	0	0	0	0	0	0	0
*	*	3p	+	163	0	0	0	0	0	0	0	0	0	0	0	0	0	0	0	0	0	0	0	0	0	0	0	0	0	0
*	*	3p	+	164	0	0	0	0	0	0	0	0	0	0	0	0	0	0	0	0	0	0	0	0	0	0	0	0	0	0
*	*	3p	+	165	0	0	0	0	0	0	0	0	0	0	0	0	0	0	0	0	0	0	0	0	0	0	0	0	0	0
*	*	3p	+	166	0	0	0	0	0	0	0	0	0	0	0	0	0	0	0	0	0	0	0	0	0	0	0	0	0	0
*	*	3p	+	167	0	0	0	0	0	0	0	0	0	0	0	0	0	0	0	0	0	0	0	0	0	0	0	0	0	0
*	*	3p	+	168	0	0	0	0	0	0	0	0	0	0	0	0	0	0	0	0	0	0	0	0	0	0	0	0	0	0
*	*	3p	+	169	0	0	0	0	0	0	0	0	0	0	0	0	0	0	0	0	0	0	0	0	0	0	0	0	0	0
*	*	3p	+	170	0	0	0	0	0	0	0	0	0	0	0	0	0	0	0	0	0	0	0	0	0	0	0	0	0	0
*	*	3p	+	171	0	0	0	0	0	0	0	0	0	0	0	0	0	0	0	0	0	0	0	0	0	0	0	0	0	0
*	*	3p	+	172	0	0	0	0	0	0	0	0	0	0	0	0	0	0	0	0	0	0	0	0	0	0	0	0	0	0
*	*	3p	+	173	0	0	0	0	0	0	0	0	0	0	0	0	0	0	0	0	0	0	0	0	0	0	0	0	0	0
*	*	3p	+	174	0	0	0	0	0	0	0	0	0	0	0	0	0	0	0	0	0	0	0	0	0	0	0	0	0	0
*	*	3p	+	175	0	0	0	0	0	0	0	0	0	0	0	0	0	0	0	0	0	0	0	0	0	0	0	0	0	0
*	*	3p	+	176	0	0	0	0	0	0	0	0	0	0	0	0	0	0	0	0	0	0	0	0	0	0	0	0	0	0
*	*	3p	+	177	0	0	0	0	0	0	0	0	0	0	0	0	0	0	0	0	0	0	0	0	0	0	0	0	0	0
*	*	3p	+	178	0	0	0	0	0	0	0	0	0	0	0	0	0	0	0	0	0	0	0	0	0	0	0	0	0	0
*	*	3p	+	179	0	0	0	0	0	0	0	0	0	0	0	0	0	0	0	0	0	0	0	0	0	0	0	0	0	0
*	*	3p	+	180	0	0	0	0	0	0	0	0	0	0	0	0	0	0	0	0	0	0	0	0	0	0	0	0	0	0
*	*	3p	+	181	0	0	0	0	0	0	0	0	0	0	0	0	0	0	0	0	0	0	0	0	0	0	0	0	0	0
*	*	3p	+	182	0	0	0	0	0	0	0	0	0	0	0	0	0	0	0	0	0	0	0	0	0	0	0	0	0	0
*	*	3p	+	183	0	0	0	0	0	0	0	0	0	0	0	0	0	0	0	0	0	0	0	0	0	0	0	0	0	0
*	*	3p	+	184	0	0	0	0	0	0	0	0	0	0	0	0	0	0	0	0	0	0	0	0	0	0	0	0	0	0
*	*	3p	+	185	0	0	0	0	0	0	0	0	0	0	0	0	0	0	0	0	0	0	0	0	0	0	0	0	0	0
*	*	3p	+	186	0	0	0	0	0	0	0	0	0	0	0	0	0	0	0	0	0	0	0	0	0	0	0	0	0	0
*	*	3p	+	187	0	0	0	0	0	0	0	0	0	0	0	0	0	0	0	0	0	0	0	0	0	0	0	0	0	0
*	*	3p	+	188	0	0	0	0	0	0	0	0	0	0	0	0	0	0	0	0	0	0	0	0	0	0	0	0	0	0
*	*	3p	+	189	0	0	0	0	0	0	0	0	0	0	0	0	0	0	0	0	0	0	0	0	0	0	0	0	0	0
*	*	3p	+	190	0	0	0	0	0	0	0	0	0	0	0	0	0	0	0	0	0	0	0	0	0	0	0	0	0	0
*	*	3p	+	191	0	0	0	0	0	0	0	0	0	0	0	0	0	0	0	0	0	0	0	0	0	0	0	0	0	0
*	*	3p	+	192	0	0	0	0	0	0	0	0	0	0	0	0	0	0	0	0	0	0	0	0	0	0	0	0	0	0
*	*	3p	+	193	0	0	0	0	0	0	0	0	0	0	0	0	0	0	0	0	0	0	0	0	0	0	0	0	0	0
*	*	3p	+	194	0	0	0	0	0	0	0	0	0	0	0	0	0	0	0	0	0	0	0	0	0	0	0	0	0	0
*	*	3p	+	195	0	0	0	0	0	0	0	0	0	0	0	0	0	0	0	0	0	0	0	0	0	0	0	0	0	0
*	*	3p	+	196	0	0	0	0	0	0	0	0	0	0	0	0	0	0	0	0	0	0	0	0	0	0	0	0	0	0
*	*	3p	+	197	0	0	0	0	0	0	0	0	0	0	0	0	0	0	0	0	0	0	0	0	0	0	0	0	0	0
*	*	3p	+	198	0	0	0	0	0	0	0	0	0	0	0	0	0	0	0	0	0	0	0	0	0	0	0	0	0	0
*	*	3p	+	199	0	0	0	0	0	0	0	0	0	0	0	0	0	0	0	0	0	0	0	0	0	0	0	0	0	0
*	*	3p	+	200	0	0	0	0	0	0	0	0	0	0	0	0	0	0	0	0	0	0	0	0	0	0	0	0	0	0
*	*	3p	-	1	112917	79508	78765	113140	384330	571	68	176	290	106	138	71	82	94	141	91	84	0	0	0	0	0	0	0	0	0
*	*	3p	-	2	112888	80228	79424	113880	386420	400	45	177	202	107	123	55	91	104	165	98	75	0	0	0	0	1	1	0	0	0
*	*	3p	-	3	113758	80367	80252	114240	388617	283	92	170	238	97	113	61	81	106	104	63	60	0	0	0	0	4	1	0	1	0
*	*	3p	-	4	114084	80234	80140	114160	388618	459	147	174	182	94	129	54	82	102	111	86	81	2	2	0	0	5	5	2	1	0
*	*	3p	-	5	113379	80186	80577	114463	388605	390	169	175	196	80	87	56	92	119	114	59	71	2	7	1	2	21	7	4	2	0
*	*	3p	-	6	113457	80060	80552	114530	388599	285	136	170	168	104	85	53	52	99	79	67	53	3	6	2	5	16	13	11	2	0
*	*	3p	-	7	113356	80096	80209	114947	388608	247	152	179	167	83	93	50	63	83	97	57	62	17	13	4	3	11	10	8	9	0
*	*	3p	-	8	113465	80088	80435	114589	388577	188	151	171	160	81	97	81	44	78	108	50	53	5	9	4	10	7	31	21	11	0
*	*	3p	-	9	114156	80009	80073	114352	388590	185	143	148	161	88	71	67	82	77	77	49	57	9	4	5	6	12	24	6	16	0
*	*	3p	-	10	113651	79969	80504	114477	388601	151	111	135	156	64	75	70	63	87	91	58	54	4	4	3	4	20	12	6	11	0
*	*	3p	-	11	113420	80746	80028	114425	388619	180	116	130	134	78	86	60	52	72	80	54	37	7	6	1	3	8	4	9	10	0
*	*	3p	-	12	113938	80041	80202	114416	388597	149	90	145	135	80	80	51	65	69	74	37	53	13	9	8	4	13	31	8	1	0
*	*	3p	-	13	113932	80129	80123	114437	388621	146	124	111	124	69	70	48	47	61	88	56	55	19	4	2	2	3	14	6	6	0
*	*	3p	-	14	113906	80067	80238	114421	388632	148	124	96	117	66	69	44	64	46	61	47	53	6	3	1	6	3	6	5	4	0
*	*	3p	-	15	114065	79952	80135	114473	388625	136	88	105	122	59	77	38	46	63	87	46	45	6	5	1	9	6	8	7	4	0
*	*	3p	-	16	113886	80282	80652	113815	388635	89	79	85	99	48	60	18	33	39	48	31	41	4	3	1	3	8	3	1	3	0
*	*	3p	-	17	114740	79909	80050	113917	388616	114	87	88	94	51	61	37	40	32	67	40	40	3	7	2	9	5	16	6	7	0
*	*	3p	-	18	113921	80031	80132	114551	388635	96	93	100	71	62	80	28	29	47	58	25	37	3	1	2	1	3	7	3	2	0
*	*	3p	-	19	114110	79934	80184	114408	388636	85	75	74	115	39	52	21	44	42	47	24	35	7	3	0	1	2	3	3	6	0
*	*	3p	-	20	114664	79637	80081	114247	388629	72	69	80	83	49	38	24	40	32	45	31	32	0	2	1	5	3	4	12	2	0
*	*	3p	-	21	114028	80047	80419	114147	388641	87	54	78	66	31	49	26	38	34	59	23	32	7	2	3	0	0	4	1	4	0
*	*	3p	-	22	114319	79693	80407	114201	388620	86	55	75	66	35	39	30	31	35	39	26	40	6	6	3	1	14	7	5	4	0
*	*	3p	-	23	114455	79811	80255	114105	388626	77	64	69	75	41	35	24	23	34	30	22	25	1	0	1	5	4	4	7	9	0
*	*	3p	-	24	114474	80021	80047	114079	388621	84	76	87	62	50	55	33	41	59	57	34	40	6	1	3	0	9	9	6	5	0
*	*	3p	-	25	114287	80263	79844	114220	388614	95	80	66	95	43	53	42	44	53	41	26	37	3	0	3	3	10	7	10	9	0
*	*	3p	-	26	114129	80510	80136	113847	388622	86	79	74	84	45	87	61	30	40	44	36	22	5	6	3	2	4	14	3	7	0
*	*	3p	-	27	114146	80635	80074	113780	388635	90	93	75	87	36	45	45	46	47	64	35	32	6	5	1	1	6	4	0	5	0
*	*	3p	-	28	114146	80245	80539	113694	388624	88	97	99	73	47	71	29	47	58	58	41	27	13	6	3	6	3	8	2	13	0
*	*	3p	-	29	114591	79761	80313	113964	388629	92	102	86	85	52	74	29	49	58	60	23	33	3	5	0	6	6	8	4	3	0
*	*	3p	-	30	114565	80036	79826	114211	388638	100	80	85	94	61	65	32	37	52	63	30	49	4	3	3	5	1	4	6	1	0
*	*	3p	-	31	111413	78308	77885	110429	378035	86	92	96	65	51	67	40	55	43	46	52	33	4	0	2	1	5	3	4	4	0
*	*	3p	-	32	107179	75561	76057	107249	366046	109	109	125	84	37	56	48	46	68	51	36	16	4	8	4	6	7	2	2	10	0
*	*	3p	-	33	103417	72849	72978	104149	353393	64	94	76	109	44	61	33	40	38	60	31	39	4	5	0	0	8	7	2	3	0
*	*	3p	-	34	99598	70297	70733	99452	340080	86	89	77	100	71	42	36	28	47	62	38	26	0	1	3	1	0	9	4	1	0
*	*	3p	-	35	95898	67433	67388	95834	326553	59	97	79	81	32	50	24	33	62	40	23	35	2	7	3	0	5	2	1	2	0
*	*	3p	-	36	91923	64388	64495	91784	312590	80	98	78	67	46	46	27	50	45	58	29	46	4	3	0	1	3	7	4	0	0
*	*	3p	-	37	87878	61776	61902	87162	298718	60	109	75	74	43	49	34	40	61	75	21	36	1	1	1	0	0	3	0	8	0
*	*	3p	-	38	83309	59114	59179	83189	284791	68	101	98	69	43	42	38	38	41	54	34	31	4	0	3	0	8	1	1	2	0
*	*	3p	-	39	79728	56300	55824	79507	271359	74	140	72	77	49	55	35	30	43	61	30	22	1	1	3	0	4	1	1	0	0
*	*	3p	-	40	75703	53458	53662	74940	257763	73	115	92	63	34	50	22	28	38	49	34	30	3	1	3	0	2	5	2	0	0
*	*	3p	-	41	72125	50822	50713	71564	245224	58	118	69	64	38	45	28	32	28	40	29	28	3	0	0	1	1	0	2	1	0
*	*	3p	-	42	68479	48098	48230	67908	232715	50	128	59	67	40	47	29	24	39	39	24	24	3	1	0	2	0	3	3	0	0
*	*	3p	-	43	64086	45568	46146	64008	219808	52	97	66	60	33	31	34	25	37	27	22	25	0	1	1	1	3	4	1	1	0
*	*	3p	-	44	60896	42807	43266	60301	207270	59	105	59	54	47	14	25	30	26	28	19	23	5	0	2	0	2	2	2	1	0
*	*	3p	-	45	57392	40593	40850	56542	195377	49	126	40	42	24	29	32	16	31	36	34	18	1	1	0	1	0	1	2	3	0
*	*	3p	-	46	53949	38359	38412	53254	183974	38	113	33	30	33	40	19	22	25	30	17	22	0	0	0	0	0	1	2	0	0
*	*	3p	-	47	50372	36215	35943	50437	172967	39	89	52	35	21	24	22	24	18	17	26	22	1	1	1	3	0	0	1	1	0
*	*	3p	-	48	47654	34040	33841	47249	162784	27	105	50	28	40	27	15	25	20	35	20	17	1	0	0	1	0	1	0	0	0
*	*	3p	-	49	44390	31753	32087	44434	152664	42	78	30	33	17	32	17	13	23	24	19	27	0	0	0	1	1	1	1	0	0
*	*	3p	-	50	41642	29656	29926	41582	142806	24	74	31	32	24	21	14	20	15	26	18	7	0	0	0	1	0	1	0	0	0
*	*	3p	-	51	39239	27753	27919	38912	133823	33	70	24	20	22	18	26	12	13	20	16	17	0	0	0	0	0	0	0	0	0
*	*	3p	-	52	36554	26286	26310	36459	125609	20	65	28	31	18	17	15	23	15	18	9	13	0	0	0	0	0	0	0	1	0
*	*	3p	-	53	34612	24449	24602	34086	117749	23	70	31	26	21	10	11	12	11	25	7	8	0	0	1	1	1	0	0	2	0
*	*	3p	-	54	32236	23039	22899	32045	110219	27	62	29	23	25	11	12	17	27	17	8	10	0	0	0	0	2	0	1	0	0
*	*	3p	-	55	30002	21774	21496	30077	103349	15	51	17	15	15	14	7	15	11	19	9	8	0	0	0	1	2	2	1	3	0
*	*	3p	-	56	28067	20299	20321	28203	96890	16	56	25	17	16	13	3	16	15	14	14	6	1	0	0	0	0	0	0	0	0
*	*	3p	-	57	26313	18844	19172	26459	90788	11	46	26	24	4	21	10	10	24	8	6	12	0	0	0	0	0	0	0	0	0
*	*	3p	-	58	24769	17794	17725	24675	84963	20	50	16	19	10	14	9	6	8	14	5	7	0	0	0	0	0	0	0	0	0
*	*	3p	-	59	23097	16598	16586	23067	79348	16	49	17	10	6	13	7	10	15	6	8	10	0	0	0	0	0	0	0	0	0
*	*	3p	-	60	21731	15518	15628	21407	74284	12	52	19	11	7	4	11	9	8	11	2	7	0	1	0	0	0	1	0	0	0
*	*	3p	-	61	20022	14360	14699	20468	69549	15	43	14	15	6	15	10	6	6	15	8	4	0	0	0	0	0	1	0	0	0
*	*	3p	-	62	18960	13729	13525	18985	65199	6	29	10	10	7	16	5	1	12	11	7	7	0	0	0	0	0	1	0	0	0
*	*	3p	-	63	17563	12729	12783	17951	61026	11	37	15	11	2	15	3	7	14	12	4	3	0	0	0	0	0	0	0	0	0
*	*	3p	-	64	16666	12166	11983	16487	57302	14	33	11	24	8	8	9	6	12	10	5	7	0	1	0	0	0	0	0	0	0
*	*	3p	-	65	15458	11085	11038	15600	53181	9	37	13	10	5	9	7	6	2	4	5	8	1	0	0	0	0	0	0	0	0
*	*	3p	-	66	14305	10310	10397	14299	49311	6	43	8	7	5	13	5	4	9	6	3	2	0	0	0	0	0	1	0	0	0
*	*	3p	-	67	13283	9562	9616	13244	45705	7	21	14	13	8	4	8	9	5	4	4	5	0	0	0	0	0	0	0	0	0
*	*	3p	-	68	12225	8912	8951	12059	42147	10	29	11	5	5	2	5	1	5	5	5	3	0	0	0	1	0	0	0	0	0
*	*	3p	-	69	11291	8133	8245	11147	38816	11	18	9	12	5	12	2	6	7	11	4	3	0	0	0	0	0	0	0	0	0
*	*	3p	-	70	10362	7740	7549	10300	35951	10	32	7	6	9	10	3	2	5	3	3	1	0	0	0	0	0	0	0	0	0
*	*	3p	-	71	9673	6870	7138	9564	33245	7	27	6	5	7	7	6	3	9	5	4	4	0	0	0	0	0	0	0	0	0
*	*	3p	-	72	9061	6394	6295	8989	30739	3	33	13	6	4	8	1	4	7	4	6	0	0	0	0	0	0	0	0	0	0
*	*	3p	-	73	8221	5875	6118	8005	28219	2	11	5	4	2	5	2	2	2	5	0	2	0	0	0	0	0	0	0	0	0
*	*	3p	-	74	8262	5844	5962	8149	28217	2	38	8	9	1	3	0	2	3	3	1	4	0	0	0	0	0	0	0	0	0
*	*	3p	-	75	8255	5782	5969	8209	28215	2	65	11	7	5	4	3	3	8	9	7	4	0	0	0	0	0	0	0	0	0
*	*	3p	-	76	2	3	2	6	13	0	1	0	0	0	0	0	1	0	0	0	0	0	0	0	0	0	0	0	0	0
*	*	3p	-	77	1	0	1	0	2	0	0	0	0	0	0	0	0	0	0	0	0	0	0	0	0	0	0	0	0	0
*	*	3p	-	78	0	0	0	0	0	0	0	0	0	0	0	0	0	0	0	0	0	0	0	0	0	0	0	0	0	0
*	*	3p	-	79	0	0	0	0	0	0	0	0	0	0	0	0	0	0	0	0	0	0	0	0	0	0	0	0	0	0
*	*	3p	-	80	0	0	0	0	0	0	0	0	0	0	0	0	0	0	0	0	0	0	0	0	0	0	0	0	0	0
*	*	3p	-	81	0	0	0	0	0	0	0	0	0	0	0	0	0	0	0	0	0	0	0	0	0	0	0	0	0	0
*	*	3p	-	82	0	0	0	0	0	0	0	0	0	0	0	0	0	0	0	0	0	0	0	0	0	0	0	0	0	0
*	*	3p	-	83	0	0	0	0	0	0	0	0	0	0	0	0	0	0	0	0	0	0	0	0	0	0	0	0	0	0
*	*	3p	-	84	0	0	0	0	0	0	0	0	0	0	0	0	0	0	0	0	0	0	0	0	0	0	0	0	0	0
*	*	3p	-	85	0	0	0	0	0	0	0	0	0	0	0	0	0	0	0	0	0	0	0	0	0	0	0	0	0	0
*	*	3p	-	86	0	0	0	0	0	0	0	0	0	0	0	0	0	0	0	0	0	0	0	0	0	0	0	0	0	0
*	*	3p	-	87	0	0	0	0	0	0	0	0	0	0	0	0	0	0	0	0	0	0	0	0	0	0	0	0	0	0
*	*	3p	-	88	0	0	0	0	0	0	0	0	0	0	0	0	0	0	0	0	0	0	0	0	0	0	0	0	0	0
*	*	3p	-	89	0	0	0	0	0	0	0	0	0	0	0	0	0	0	0	0	0	0	0	0	0	0	0	0	0	0
*	*	3p	-	90	0	0	0	0	0	0	0	0	0	0	0	0	0	0	0	0	0	0	0	0	0	0	0	0	0	0
*	*	3p	-	91	0	0	0	0	0	0	0	0	0	0	0	0	0	0	0	0	0	0	0	0	0	0	0	0	0	0
*	*	3p	-	92	0	0	0	0	0	0	0	0	0	0	0	0	0	0	0	0	0	0	0	0	0	0	0	0	0	0
*	*	3p	-	93	0	0	0	0	0	0	0	0	0	0	0	0	0	0	0	0	0	0	0	0	0	0	0	0	0	0
*	*	3p	-	94	0	0	0	0	0	0	0	0	0	0	0	0	0	0	0	0	0	0	0	0	0	0	0	0	0	0
*	*	3p	-	95	0	0	0	0	0	0	0	0	0	0	0	0	0	0	0	0	0	0	0	0	0	0	0	0	0	0
*	*	3p	-	96	0	0	0	0	0	0	0	0	0	0	0	0	0	0	0	0	0	0	0	0	0	0	0	0	0	0
*	*	3p	-	97	0	0	0	0	0	0	0	0	0	0	0	0	0	0	0	0	0	0	0	0	0	0	0	0	0	0
*	*	3p	-	98	0	0	0	0	0	0	0	0	0	0	0	0	0	0	0	0	0	0	0	0	0	0	0	0	0	0
*	*	3p	-	99	0	0	0	0	0	0	0	0	0	0	0	0	0	0	0	0	0	0	0	0	0	0	0	0	0	0
*	*	3p	-	100	0	0	0	0	0	0	0	0	0	0	0	0	0	0	0	0	0	0	0	0	0	0	0	0	0	0
*	*	3p	-	101	0	0	0	0	0	0	0	0	0	0	0	0	0	0	0	0	0	0	0	0	0	0	0	0	0	0
*	*	3p	-	102	0	0	0	0	0	0	0	0	0	0	0	0	0	0	0	0	0	0	0	0	0	0	0	0	0	0
*	*	3p	-	103	0	0	0	0	0	0	0	0	0	0	0	0	0	0	0	0	0	0	0	0	0	0	0	0	0	0
*	*	3p	-	104	0	0	0	0	0	0	0	0	0	0	0	0	0	0	0	0	0	0	0	0	0	0	0	0	0	0
*	*	3p	-	105	0	0	0	0	0	0	0	0	0	0	0	0	0	0	0	0	0	0	0	0	0	0	0	0	0	0
*	*	3p	-	106	0	0	0	0	0	0	0	0	0	0	0	0	0	0	0	0	0	0	0	0	0	0	0	0	0	0
*	*	3p	-	107	0	0	0	0	0	0	0	0	0	0	0	0	0	0	0	0	0	0	0	0	0	0	0	0	0	0
*	*	3p	-	108	0	0	0	0	0	0	0	0	0	0	0	0	0	0	0	0	0	0	0	0	0	0	0	0	0	0
*	*	3p	-	109	0	0	0	0	0	0	0	0	0	0	0	0	0	0	0	0	0	0	0	0	0	0	0	0	0	0
*	*	3p	-	110	0	0	0	0	0	0	0	0	0	0	0	0	0	0	0	0	0	0	0	0	0	0	0	0	0	0
*	*	3p	-	111	0	0	0	0	0	0	0	0	0	0	0	0	0	0	0	0	0	0	0	0	0	0	0	0	0	0
*	*	3p	-	112	0	0	0	0	0	0	0	0	0	0	0	0	0	0	0	0	0	0	0	0	0	0	0	0	0	0
*	*	3p	-	113	0	0	0	0	0	0	0	0	0	0	0	0	0	0	0	0	0	0	0	0	0	0	0	0	0	0
*	*	3p	-	114	0	0	0	0	0	0	0	0	0	0	0	0	0	0	0	0	0	0	0	0	0	0	0	0	0	0
*	*	3p	-	115	0	0	0	0	0	0	0	0	0	0	0	0	0	0	0	0	0	0	0	0	0	0	0	0	0	0
*	*	3p	-	116	0	0	0	0	0	0	0	0	0	0	0	0	0	0	0	0	0	0	0	0	0	0	0	0	0	0
*	*	3p	-	117	0	0	0	0	0	0	0	0	0	0	0	0	0	0	0	0	0	0	0	0	0	0	0	0	0	0
*	*	3p	-	118	0	0	0	0	0	0	0	0	0	0	0	0	0	0	0	0	0	0	0	0	0	0	0	0	0	0
*	*	3p	-	119	0	0	0	0	0	0	0	0	0	0	0	0	0	0	0	0	0	0	0	0	0	0	0	0	0	0
*	*	3p	-	120	0	0	0	0	0	0	0	0	0	0	0	0	0	0	0	0	0	0	0	0	0	0	0	0	0	0
*	*	3p	-	121	0	0	0	0	0	0	0	0	0	0	0	0	0	0	0	0	0	0	0	0	0	0	0	0	0	0
*	*	3p	-	122	0	0	0	0	0	0	0	0	0	0	0	0	0	0	0	0	0	0	0	0	0	0	0	0	0	0
*	*	3p	-	123	0	0	0	0	0	0	0	0	0	0	0	0	0	0	0	0	0	0	0	0	0	0	0	0	0	0
*	*	3p	-	124	0	0	0	0	0	0	0	0	0	0	0	0	0	0	0	0	0	0	0	0	0	0	0	0	0	0
*	*	3p	-	125	0	0	0	0	0	0	0	0	0	0	0	0	0	0	0	0	0	0	0	0	0	0	0	0	0	0
*	*	3p	-	126	0	0	0	0	0	0	0	0	0	0	0	0	0	0	0	0	0	0	0	0	0	0	0	0	0	0
*	*	3p	-	127	0	0	0	0	0	0	0	0	0	0	0	0	0	0	0	0	0	0	0	0	0	0	0	0	0	0
*	*	3p	-	128	0	0	0	0	0	0	0	0	0	0	0	0	0	0	0	0	0	0	0	0	0	0	0	0	0	0
*	*	3p	-	129	0	0	0	0	0	0	0	0	0	0	0	0	0	0	0	0	0	0	0	0	0	0	0	0	0	0
*	*	3p	-	130	0	0	0	0	0	0	0	0	0	0	0	0	0	0	0	0	0	0	0	0	0	0	0	0	0	0
*	*	3p	-	131	0	0	0	0	0	0	0	0	0	0	0	0	0	0	0	0	0	0	0	0	0	0	0	0	0	0
*	*	3p	-	132	0	0	0	0	0	0	0	0	0	0	0	0	0	0	0	0	0	0	0	0	0	0	0	0	0	0
*	*	3p	-	133	0	0	0	0	0	0	0	0	0	0	0	0	0	0	0	0	0	0	0	0	0	0	0	0	0	0
*	*	3p	-	134	0	0	0	0	0	0	0	0	0	0	0	0	0	0	0	0	0	0	0	0	0	0	0	0	0	0
*	*	3p	-	135	0	0	0	0	0	0	0	0	0	0	0	0	0	0	0	0	0	0	0	0	0	0	0	0	0	0
*	*	3p	-	136	0	0	0	0	0	0	0	0	0	0	0	0	0	0	0	0	0	0	0	0	0	0	0	0	0	0
*	*	3p	-	137	0	0	0	0	0	0	0	0	0	0	0	0	0	0	0	0	0	0	0	0	0	0	0	0	0	0
*	*	3p	-	138	0	0	0	0	0	0	0	0	0	0	0	0	0	0	0	0	0	0	0	0	0	0	0	0	0	0
*	*	3p	-	139	0	0	0	0	0	0	0	0	0	0	0	0	0	0	0	0	0	0	0	0	0	0	0	0	0	0
*	*	3p	-	140	0	0	0	0	0	0	0	0	0	0	0	0	0	0	0	0	0	0	0	0	0	0	0	0	0	0
*	*	3p	-	141	0	0	0	0	0	0	0	0	0	0	0	0	0	0	0	0	0	0	0	0	0	0	0	0	0	0
*	*	3p	-	142	0	0	0	0	0	0	0	0	0	0	0	0	0	0	0	0	0	0	0	0	0	0	0	0	0	0
*	*	3p	-	143	0	0	0	0	0	0	0	0	0	0	0	0	0	0	0	0	0	0	0	0	0	0	0	0	0	0
*	*	3p	-	144	0	0	0	0	0	0	0	0	0	0	0	0	0	0	0	0	0	0	0	0	0	0	0	0	0	0
*	*	3p	-	145	0	0	0	0	0	0	0	0	0	0	0	0	0	0	0	0	0	0	0	0	0	0	0	0	0	0
*	*	3p	-	146	0	0	0	0	0	0	0	0	0	0	0	0	0	0	0	0	0	0	0	0	0	0	0	0	0	0
*	*	3p	-	147	0	0	0	0	0	0	0	0	0	0	0	0	0	0	0	0	0	0	0	0	0	0	0	0	0	0
*	*	3p	-	148	0	0	0	0	0	0	0	0	0	0	0	0	0	0	0	0	0	0	0	0	0	0	0	0	0	0
*	*	3p	-	149	0	0	0	0	0	0	0	0	0	0	0	0	0	0	0	0	0	0	0	0	0	0	0	0	0	0
*	*	3p	-	150	0	0	0	0	0	0	0	0	0	0	0	0	0	0	0	0	0	0	0	0	0	0	0	0	0	0
*	*	3p	-	151	0	0	0	0	0	0	0	0	0	0	0	0	0	0	0	0	0	0	0	0	0	0	0	0	0	0
*	*	3p	-	152	0	0	0	0	0	0	0	0	0	0	0	0	0	0	0	0	0	0	0	0	0	0	0	0	0	0
*	*	3p	-	153	0	0	0	0	0	0	0	0	0	0	0	0	0	0	0	0	0	0	0	0	0	0	0	0	0	0
*	*	3p	-	154	0	0	0	0	0	0	0	0	0	0	0	0	0	0	0	0	0	0	0	0	0	0	0	0	0	0
*	*	3p	-	155	0	0	0	0	0	0	0	0	0	0	0	0	0	0	0	0	0	0	0	0	0	0	0	0	0	0
*	*	3p	-	156	0	0	0	0	0	0	0	0	0	0	0	0	0	0	0	0	0	0	0	0	0	0	0	0	0	0
*	*	3p	-	157	0	0	0	0	0	0	0	0	0	0	0	0	0	0	0	0	0	0	0	0	0	0	0	0	0	0
*	*	3p	-	158	0	0	0	0	0	0	0	0	0	0	0	0	0	0	0	0	0	0	0	0	0	0	0	0	0	0
*	*	3p	-	159	0	0	0	0	0	0	0	0	0	0	0	0	0	0	0	0	0	0	0	0	0	0	0	0	0	0
*	*	3p	-	160	0	0	0	0	0	0	0	0	0	0	0	0	0	0	0	0	0	0	0	0	0	0	0	0	0	0
*	*	3p	-	161	0	0	0	0	0	0	0	0	0	0	0	0	0	0	0	0	0	0	0	0	0	0	0	0	0	0
*	*	3p	-	162	0	0	0	0	0	0	0	0	0	0	0	0	0	0	0	0	0	0	0	0	0	0	0	0	0	0
*	*	3p	-	163	0	0	0	0	0	0	0	0	0	0	0	0	0	0	0	0	0	0	0	0	0	0	0	0	0	0
*	*	3p	-	164	0	0	0	0	0	0	0	0	0	0	0	0	0	0	0	0	0	0	0	0	0	0	0	0	0	0
*	*	3p	-	165	0	0	0	0	0	0	0	0	0	0	0	0	0	0	0	0	0	0	0	0	0	0	0	0	0	0
*	*	3p	-	166	0	0	0	0	0	0	0	0	0	0	0	0	0	0	0	0	0	0	0	0	0	0	0	0	0	0
*	*	3p	-	167	0	0	0	0	0	0	0	0	0	0	0	0	0	0	0	0	0	0	0	0	0	0	0	0	0	0
*	*	3p	-	168	0	0	0	0	0	0	0	0	0	0	0	0	0	0	0	0	0	0	0	0	0	0	0	0	0	0
*	*	3p	-	169	0	0	0	0	0	0	0	0	0	0	0	0	0	0	0	0	0	0	0	0	0	0	0	0	0	0
*	*	3p	-	170	0	0	0	0	0	0	0	0	0	0	0	0	0	0	0	0	0	0	0	0	0	0	0	0	0	0
*	*	3p	-	171	0	0	0	0	0	0	0	0	0	0	0	0	0	0	0	0	0	0	0	0	0	0	0	0	0	0
*	*	3p	-	172	0	0	0	0	0	0	0	0	0	0	0	0	0	0	0	0	0	0	0	0	0	0	0	0	0	0
*	*	3p	-	173	0	0	0	0	0	0	0	0	0	0	0	0	0	0	0	0	0	0	0	0	0	0	0	0	0	0
*	*	3p	-	174	0	0	0	0	0	0	0	0	0	0	0	0	0	0	0	0	0	0	0	0	0	0	0	0	0	0
*	*	3p	-	175	0	0	0	0	0	0	0	0	0	0	0	0	0	0	0	0	0	0	0	0	0	0	0	0	0	0
*	*	3p	-	176	0	0	0	0	0	0	0	0	0	0	0	0	0	0	0	0	0	0	0	0	0	0	0	0	0	0
*	*	3p	-	177	0	0	0	0	0	0	0	0	0	0	0	0	0	0	0	0	0	0	0	0	0	0	0	0	0	0
*	*	3p	-	178	0	0	0	0	0	0	0	0	0	0	0	0	0	0	0	0	0	0	0	0	0	0	0	0	0	0
*	*	3p	-	179	0	0	0	0	0	0	0	0	0	0	0	0	0	0	0	0	0	0	0	0	0	0	0	0	0	0
*	*	3p	-	180	0	0	0	0	0	0	0	0	0	0	0	0	0	0	0	0	0	0	0	0	0	0	0	0	0	0
*	*	3p	-	181	0	0	0	0	0	0	0	0	0	0	0	0	0	0	0	0	0	0	0	0	0	0	0	0	0	0
*	*	3p	-	182	0	0	0	0	0	0	0	0	0	0	0	0	0	0	0	0	0	0	0	0	0	0	0	0	0	0
*	*	3p	-	183	0	0	0	0	0	0	0	0	0	0	0	0	0	0	0	0	0	0	0	0	0	0	0	0	0	0
*	*	3p	-	184	0	0	0	0	0	0	0	0	0	0	0	0	0	0	0	0	0	0	0	0	0	0	0	0	0	0
*	*	3p	-	185	0	0	0	0	0	0	0	0	0	0	0	0	0	0	0	0	0	0	0	0	0	0	0	0	0	0
*	*	3p	-	186	0	0	0	0	0	0	0	0	0	0	0	0	0	0	0	0	0	0	0	0	0	0	0	0	0	0
*	*	3p	-	187	0	0	0	0	0	0	0	0	0	0	0	0	0	0	0	0	0	0	0	0	0	0	0	0	0	0
*	*	3p	-	188	0	0	0	0	0	0	0	0	0	0	0	0	0	0	0	0	0	0	0	0	0	0	0	0	0	0
*	*	3p	-	189	0	0	0	0	0	0	0	0	0	0	0	0	0	0	0	0	0	0	0	0	0	0	0	0	0	0
*	*	3p	-	190	0	0	0	0	0	0	0	0	0	0	0	0	0	0	0	0	0	0	0	0	0	0	0	0	0	0
*	*	3p	-	191	0	0	0	0	0	0	0	0	0	0	0	0	0	0	0	0	0	0	0	0	0	0	0	0	0	0
*	*	3p	-	192	0	0	0	0	0	0	0	0	0	0	0	0	0	0	0	0	0	0	0	0	0	0	0	0	0	0
*	*	3p	-	193	0	0	0	0	0	0	0	0	0	0	0	0	0	0	0	0	0	0	0	0	0	0	0	0	0	0
*	*	3p	-	194	0	0	0	0	0	0	0	0	0	0	0	0	0	0	0	0	0	0	0	0	0	0	0	0	0	0
*	*	3p	-	195	0	0	0	0	0	0	0	0	0	0	0	0	0	0	0	0	0	0	0	0	0	0	0	0	0	0
*	*	3p	-	196	0	0	0	0	0	0	0	0	0	0	0	0	0	0	0	0	0	0	0	0	0	0	0	0	0	0
*	*	3p	-	197	0	0	0	0	0	0	0	0	0	0	0	0	0	0	0	0	0	0	0	0	0	0	0	0	0	0
*	*	3p	-	198	0	0	0	0	0	0	0	0	0	0	0	0	0	0	0	0	0	0	0	0	0	0	0	0	0	0
*	*	3p	-	199	0	0	0	0	0	0	0	0	0	0	0	0	0	0	0	0	0	0	0	0	0	0	0	0	0	0
*	*	3p	-	200	0	0	0	0	0	0	0	0	0	0	0	0	0	0	0	0	0	0	0	0	0	0	0	0	0	0
*	*	5p	+	1	114453	80041	79757	113993	388244	88	598	230	159	98	145	85	90	111	93	64	75	0	0	0	0	0	0	0	0	0
*	*	5p	+	2	114150	79663	80505	113918	388236	40	374	141	141	77	108	52	54	71	82	51	64	0	0	0	0	6	2	0	0	0
*	*	5p	+	3	114210	80336	80305	113382	388233	62	261	161	133	69	108	46	58	86	86	53	65	0	1	0	0	0	4	0	7	0
*	*	5p	+	4	113950	80336	80394	113533	388213	121	445	140	136	85	98	70	53	85	99	69	77	7	3	2	3	11	5	2	13	0
*	*	5p	+	5	114224	80418	80057	113487	388186	136	344	129	128	104	81	57	63	80	97	64	75	7	6	6	6	16	13	11	18	0
*	*	5p	+	6	114078	80388	80217	113517	388200	132	256	143	147	74	79	43	54	76	71	55	55	15	2	7	4	9	5	5	25	0
*	*	5p	+	7	113919	80509	79917	113852	388197	127	219	146	153	72	89	33	56	88	71	49	57	9	3	6	5	18	16	9	4	0
*	*	5p	+	8	114007	80395	80048	113743	388193	117	187	133	109	75	68	44	84	56	62	41	52	6	20	3	2	24	8	8	11	0
*	*	5p	+	9	113890	79977	80124	114211	388202	112	162	115	100	69	84	67	46	73	63	66	78	1	9	3	4	13	22	4	3	0
*	*	5p	+	10	114487	80048	80654	113029	388218	108	170	118	128	59	72	37	52	75	63	39	55	6	1	4	1	0	5	8	13	0
*	*	5p	+	11	114009	80672	80025	113501	388207	98	135	111	95	64	82	57	49	55	71	36	45	3	7	10	2	11	11	6	9	0
*	*	5p	+	12	114264	80196	80188	113527	388175	105	132	108	87	40	56	44	38	47	65	31	40	6	6	2	3	42	17	3	7	0
*	*	5p	+	13	113736	80461	79975	114049	388221	88	99	85	99	50	54	49	47	52	47	40	35	4	2	2	1	6	3	5	9	0
*	*	5p	+	14	113659	80711	79931	113924	388225	77	113	114	87	61	41	33	35	59	54	29	43	3	3	3	0	4	7	1	7	0
*	*	5p	+	15	114250	80248	79989	113736	388223	98	121	87	107	39	47	29	34	48	46	33	37	3	4	1	4	6	8	2	5	0
*	*	5p	+	16	113767	80501	80091	113872	388231	98	128	95	70	52	47	31	25	59	59	34	41	1	4	2	0	4	5	3	1	0
*	*	5p	+	17	114408	79942	80118	113763	388231	86	79	75	87	45	52	32	35	43	49	25	39	4	0	0	4	6	1	4	2	0
*	*	5p	+	18	113873	80301	80332	113723	388229	72	85	74	82	43	31	32	23	38	37	27	38	0	2	2	2	1	4	8	2	0
*	*	5p	+	19	113677	80369	80121	114060	388227	72	78	56	72	34	36	26	29	29	28	27	30	4	0	3	1	5	5	5	2	0
*	*	5p	+	20	113588	80251	80038	114350	388227	69	85	66	52	40	40	37	32	49	34	38	34	3	0	0	3	5	1	9	2	0
*	*	5p	+	21	113997	80125	80317	113785	388224	85	70	62	62	43	29	25	33	32	42	33	26	6	1	1	2	5	8	5	2	0
*	*	5p	+	22	113539	80055	80039	114597	388230	87	75	67	63	33	45	17	31	20	32	28	33	0	0	2	5	5	4	2	3	0
*	*	5p	+	23	113697	79789	80544	114201	388231	49	68	44	54	38	41	15	31	35	45	20	18	3	1	1	5	2	6	4	1	0
*	*	5p	+	24	113869	80198	79929	114212	388208	70	68	94	82	48	71	37	38	45	59	33	41	7	3	1	2	8	9	6	13	0
*	*	5p	+	25	113600	80024	80030	114551	388205	78	64	100	73	45	32	31	55	56	59	36	36	2	4	2	0	15	5	15	4	0
*	*	5p	+	26	113757	80050	80231	114183	388221	96	79	91	75	54	60	41	34	54	55	28	42	4	4	9	9	8	5	3	7	0
*	*	5p	+	27	113896	80037	80130	114170	388233	91	116	100	89	58	53	30	46	55	60	37	29	2	4	2	5	2	6	0	3	0
*	*	5p	+	28	113913	79917	79990	114399	388219	83	91	88	79	70	53	40	37	60	49	32	36	4	2	2	1	4	9	3	9	0
*	*	5p	+	29	113878	79861	80300	114174	388213	95	65	79	115	60	46	26	41	50	58	48	53	1	3	2	2	13	6	7	5	0
*	*	5p	+	30	114010	79985	79772	114461	388228	91	92	90	121	49	60	41	40	46	54	37	37	1	4	2	1	7	6	1	2	0
*	*	5p	+	31	110276	78043	77600	111538	377457	100	70	94	136	45	95	42	49	54	51	37	26	4	0	2	6	5	6	8	6	0
*	*	5p	+	32	107033	75427	75443	107606	365509	135	98	97	144	84	60	39	38	49	38	42	49	3	4	1	1	4	2	11	5	0
*	*	5p	+	33	103066	73015	73072	103713	352866	130	91	88	102	57	61	39	44	52	73	24	49	3	2	1	6	3	13	8	2	0
*	*	5p	+	34	99417	70280	70296	99646	339639	123	87	91	109	82	77	45	34	64	82	61	48	5	3	0	1	6	9	1	2	0
*	*	5p	+	35	94943	67179	67720	96148	325990	132	91	89	94	69	60	32	30	56	39	51	50	6	9	0	0	7	3	2	2	0
*	*	5p	+	36	91191	64383	64879	91546	311999	123	103	84	121	55	72	47	29	51	51	43	48	0	2	2	2	10	4	4	7	0
*	*	5p	+	37	87586	61715	61646	87237	298184	155	80	88	107	78	96	39	41	53	61	39	51	0	3	0	0	2	5	23	5	0
*	*	5p	+	38	83304	58702	58752	83768	284526	163	99	114	96	40	59	38	42	45	57	40	41	1	0	1	0	6	2	6	5	0
*	*	5p	+	39	78558	56361	56619	79745	271283	161	76	81	83	40	62	35	29	57	53	53	44	0	2	1	0	3	3	6	0	0
*	*	5p	+	40	75110	53484	53392	75742	257728	157	67	71	89	47	53	34	38	46	43	22	42	1	1	1	1	2	4	4	2	0
*	*	5p	+	41	71613	50617	50989	72119	245338	162	78	94	85	53	62	30	35	37	36	55	36	1	0	2	0	2	3	7	2	0
*	*	5p	+	42	68296	48031	48504	68218	233049	165	69	71	86	45	41	39	32	40	52	36	40	0	0	0	0	2	9	4	5	0
*	*	5p	+	43	64022	46019	45654	64277	219972	147	57	56	67	24	47	25	38	37	42	29	23	1	2	0	1	0	0	0	1	0
*	*	5p	+	44	60239	43094	42969	60922	207224	136	71	74	50	42	34	32	25	39	29	30	16	0	0	0	0	2	1	1	0	0
*	*	5p	+	45	56871	40774	40731	56978	195354	123	71	57	69	31	42	30	23	31	28	36	47	1	0	0	0	3	2	4	1	0
*	*	5p	+	46	53452	38284	38671	53505	183912	121	44	59	59	35	26	25	20	29	26	25	30	0	0	1	3	0	1	2	3	0
*	*	5p	+	47	50194	35969	36122	50463	172748	98	39	51	42	39	28	28	17	29	35	18	31	0	0	0	2	1	0	1	1	0
*	*	5p	+	48	47110	33740	34019	47386	162255	103	29	42	41	28	32	22	27	30	23	23	20	1	0	0	0	2	0	0	1	0
*	*	5p	+	49	44374	31755	31765	44378	152272	98	32	49	33	28	24	21	24	22	20	19	25	1	2	0	0	0	0	0	0	0
*	*	5p	+	50	41724	29472	29512	41740	142448	97	37	36	35	29	25	19	22	24	18	20	21	1	0	0	1	0	0	0	2	0
*	*	5p	+	51	38773	27882	27882	39074	133611	75	25	35	38	20	26	9	17	29	24	15	20	1	0	0	2	0	1	0	0	0
*	*	5p	+	52	36398	26301	26212	36559	125470	76	29	32	27	20	16	14	13	14	18	22	17	0	2	0	0	0	0	0	0	0
*	*	5p	+	53	33965	24537	24538	34464	117504	72	18	38	39	27	15	15	12	26	15	13	15	0	0	0	2	1	0	1	1	0
*	*	5p	+	54	32156	22958	22962	31993	110069	70	24	29	35	19	20	12	18	33	18	10	10	0	0	0	1	1	0	1	0	0
*	*	5p	+	55	30098	21484	21733	29863	103178	52	34	26	32	22	13	20	15	11	18	20	14	0	0	0	0	0	2	1	0	0
*	*	5p	+	56	27969	20179	20435	28142	96725	62	22	31	17	19	14	14	9	9	15	7	10	0	1	0	0	1	1	1	0	0
*	*	5p	+	57	26493	18874	18811	26424	90602	55	14	18	21	20	16	13	9	13	9	6	12	0	0	0	0	0	1	1	0	0
*	*	5p	+	58	24419	17897	17758	24819	84893	68	21	17	23	7	11	12	5	11	15	14	14	0	0	0	0	0	0	0	0	0
*	*	5p	+	59	23050	16628	16505	23083	79266	45	17	32	28	9	7	10	12	16	12	13	7	1	0	0	0	1	0	2	0	0
*	*	5p	+	60	21449	15494	15584	21585	74112	51	9	35	21	16	12	8	8	12	15	7	12	1	0	0	0	0	0	0	1	0
*	*	5p	+	61	20228	14382	14539	20318	69467	41	16	20	22	12	18	8	9	10	10	9	11	0	0	0	0	3	0	4	0	0
*	*	5p	+	62	18826	13843	13677	18832	65178	38	16	18	17	8	9	3	8	10	13	5	3	0	1	1	0	0	0	0	3	0
*	*	5p	+	63	17610	12636	12898	17898	61042	33	13	10	9	10	9	8	4	13	10	9	8	0	0	0	1	0	0	0	0	0
*	*	5p	+	64	16563	12022	11950	16813	57348	51	13	9	17	11	9	12	17	6	13	7	3	0	0	1	0	0	0	0	0	0
*	*	5p	+	65	15360	11300	11075	15377	53112	29	15	17	15	9	11	8	10	16	9	7	7	0	1	0	0	0	0	0	0	0
*	*	5p	+	66	14256	10421	10204	14406	49287	29	6	9	14	12	15	6	3	9	4	7	9	0	0	0	0	0	0	0	0	0
*	*	5p	+	67	13188	9784	9451	13167	45590	32	12	17	7	8	13	7	10	5	1	6	2	0	1	0	0	0	0	0	0	0
*	*	5p	+	68	12032	8911	8803	12292	42038	34	14	16	9	6	6	1	9	10	7	3	3	1	0	0	0	0	1	1	0	0
*	*	5p	+	69	11035	8287	8234	11265	38821	34	8	8	10	1	7	2	12	9	7	9	14	0	0	0	0	0	0	0	1	0
*	*	5p	+	70	10317	7589	7550	10394	35850	27	12	13	15	7	5	7	4	8	7	3	4	0	0	0	0	1	0	0	0	0
*	*	5p	+	71	9648	6959	6807	9688	33102	21	7	5	8	7	10	10	5	5	8	11	6	0	0	0	0	1	0	0	1	0
*	*	5p	+	72	8866	6363	6472	8820	30521	19	8	13	7	2	7	5	6	5	6	7	3	0	0	0	0	0	0	0	0	0
*	*	5p	+	73	8048	5875	5919	8174	28016	8	4	16	10	3	5	3	5	4	8	4	8	0	0	0	0	0	0	0	0	0
*	*	5p	+	74	7469	5491	5473	7376	25809	19	3	7	4	6	3	2	11	9	6	5	8	0	0	0	0	0	0	0	0	0
*	*	5p	+	75	6803	5055	4959	6899	23716	11	5	10	11	4	8	2	5	9	6	1	5	0	0	0	0	0	0	0	0	0
*	*	5p	+	76	4	3	7	5	19	0	0	0	0	0	0	0	0	0	0	0	0	0	0	0	0	0	0	0	0	0
*	*	5p	+	77	0	1	0	1	2	0	0	0	0	0	0	0	0	0	0	0	0	0	0	0	0	0	0	0	0	0
*	*	5p	+	78	0	0	0	1	1	0	0	0	0	0	0	0	0	0	0	0	0	0	0	0	0	0	0	0	0	0
*	*	5p	+	79	0	0	0	0	0	0	0	0	0	0	0	0	0	0	0	0	0	0	0	0	0	0	0	0	0	0
*	*	5p	+	80	0	0	0	0	0	0	0	0	0	0	0	0	0	0	0	0	0	0	0	0	0	0	0	0	0	0
*	*	5p	+	81	0	0	0	0	0	0	0	0	0	0	0	0	0	0	0	0	0	0	0	0	0	0	0	0	0	0
*	*	5p	+	82	0	0	0	0	0	0	0	0	0	0	0	0	0	0	0	0	0	0	0	0	0	0	0	0	0	0
*	*	5p	+	83	0	0	0	0	0	0	0	0	0	0	0	0	0	0	0	0	0	0	0	0	0	0	0	0	0	0
*	*	5p	+	84	0	0	0	0	0	0	0	0	0	0	0	0	0	0	0	0	0	0	0	0	0	0	0	0	0	0
*	*	5p	+	85	0	0	0	0	0	0	0	0	0	0	0	0	0	0	0	0	0	0	0	0	0	0	0	0	0	0
*	*	5p	+	86	0	0	0	0	0	0	0	0	0	0	0	0	0	0	0	0	0	0	0	0	0	0	0	0	0	0
*	*	5p	+	87	0	0	0	0	0	0	0	0	0	0	0	0	0	0	0	0	0	0	0	0	0	0	0	0	0	0
*	*	5p	+	88	0	0	0	0	0	0	0	0	0	0	0	0	0	0	0	0	0	0	0	0	0	0	0	0	0	0
*	*	5p	+	89	0	0	0	0	0	0	0	0	0	0	0	0	0	0	0	0	0	0	0	0	0	0	0	0	0	0
*	*	5p	+	90	0	0	0	0	0	0	0	0	0	0	0	0	0	0	0	0	0	0	0	0	0	0	0	0	0	0
*	*	5p	+	91	0	0	0	0	0	0	0	0	0	0	0	0	0	0	0	0	0	0	0	0	0	0	0	0	0	0
*	*	5p	+	92	0	0	0	0	0	0	0	0	0	0	0	0	0	0	0	0	0	0	0	0	0	0	0	0	0	0
*	*	5p	+	93	0	0	0	0	0	0	0	0	0	0	0	0	0	0	0	0	0	0	0	0	0	0	0	0	0	0
*	*	5p	+	94	0	0	0	0	0	0	0	0	0	0	0	0	0	0	0	0	0	0	0	0	0	0	0	0	0	0
*	*	5p	+	95	0	0	0	0	0	0	0	0	0	0	0	0	0	0	0	0	0	0	0	0	0	0	0	0	0	0
*	*	5p	+	96	0	0	0	0	0	0	0	0	0	0	0	0	0	0	0	0	0	0	0	0	0	0	0	0	0	0
*	*	5p	+	97	0	0	0	0	0	0	0	0	0	0	0	0	0	0	0	0	0	0	0	0	0	0	0	0	0	0
*	*	5p	+	98	0	0	0	0	0	0	0	0	0	0	0	0	0	0	0	0	0	0	0	0	0	0	0	0	0	0
*	*	5p	+	99	0	0	0	0	0	0	0	0	0	0	0	0	0	0	0	0	0	0	0	0	0	0	0	0	0	0
*	*	5p	+	100	0	0	0	0	0	0	0	0	0	0	0	0	0	0	0	0	0	0	0	0	0	0	0	0	0	0
*	*	5p	+	101	0	0	0	0	0	0	0	0	0	0	0	0	0	0	0	0	0	0	0	0	0	0	0	0	0	0
*	*	5p	+	102	0	0	0	0	0	0	0	0	0	0	0	0	0	0	0	0	0	0	0	0	0	0	0	0	0	0
*	*	5p	+	103	0	0	0	0	0	0	0	0	0	0	0	0	0	0	0	0	0	0	0	0	0	0	0	0	0	0
*	*	5p	+	104	0	0	0	0	0	0	0	0	0	0	0	0	0	0	0	0	0	0	0	0	0	0	0	0	0	0
*	*	5p	+	105	0	0	0	0	0	0	0	0	0	0	0	0	0	0	0	0	0	0	0	0	0	0	0	0	0	0
*	*	5p	+	106	0	0	0	0	0	0	0	0	0	0	0	0	0	0	0	0	0	0	0	0	0	0	0	0	0	0
*	*	5p	+	107	0	0	0	0	0	0	0	0	0	0	0	0	0	0	0	0	0	0	0	0	0	0	0	0	0	0
*	*	5p	+	108	0	0	0	0	0	0	0	0	0	0	0	0	0	0	0	0	0	0	0	0	0	0	0	0	0	0
*	*	5p	+	109	0	0	0	0	0	0	0	0	0	0	0	0	0	0	0	0	0	0	0	0	0	0	0	0	0	0
*	*	5p	+	110	0	0	0	0	0	0	0	0	0	0	0	0	0	0	0	0	0	0	0	0	0	0	0	0	0	0
*	*	5p	+	111	0	0	0	0	0	0	0	0	0	0	0	0	0	0	0	0	0	0	0	0	0	0	0	0	0	0
*	*	5p	+	112	0	0	0	0	0	0	0	0	0	0	0	0	0	0	0	0	0	0	0	0	0	0	0	0	0	0
*	*	5p	+	113	0	0	0	0	0	0	0	0	0	0	0	0	0	0	0	0	0	0	0	0	0	0	0	0	0	0
*	*	5p	+	114	0	0	0	0	0	0	0	0	0	0	0	0	0	0	0	0	0	0	0	0	0	0	0	0	0	0
*	*	5p	+	115	0	0	0	0	0	0	0	0	0	0	0	0	0	0	0	0	0	0	0	0	0	0	0	0	0	0
*	*	5p	+	116	0	0	0	0	0	0	0	0	0	0	0	0	0	0	0	0	0	0	0	0	0	0	0	0	0	0
*	*	5p	+	117	0	0	0	0	0	0	0	0	0	0	0	0	0	0	0	0	0	0	0	0	0	0	0	0	0	0
*	*	5p	+	118	0	0	0	0	0	0	0	0	0	0	0	0	0	0	0	0	0	0	0	0	0	0	0	0	0	0
*	*	5p	+	119	0	0	0	0	0	0	0	0	0	0	0	0	0	0	0	0	0	0	0	0	0	0	0	0	0	0
*	*	5p	+	120	0	0	0	0	0	0	0	0	0	0	0	0	0	0	0	0	0	0	0	0	0	0	0	0	0	0
*	*	5p	+	121	0	0	0	0	0	0	0	0	0	0	0	0	0	0	0	0	0	0	0	0	0	0	0	0	0	0
*	*	5p	+	122	0	0	0	0	0	0	0	0	0	0	0	0	0	0	0	0	0	0	0	0	0	0	0	0	0	0
*	*	5p	+	123	0	0	0	0	0	0	0	0	0	0	0	0	0	0	0	0	0	0	0	0	0	0	0	0	0	0
*	*	5p	+	124	0	0	0	0	0	0	0	0	0	0	0	0	0	0	0	0	0	0	0	0	0	0	0	0	0	0
*	*	5p	+	125	0	0	0	0	0	0	0	0	0	0	0	0	0	0	0	0	0	0	0	0	0	0	0	0	0	0
*	*	5p	+	126	0	0	0	0	0	0	0	0	0	0	0	0	0	0	0	0	0	0	0	0	0	0	0	0	0	0
*	*	5p	+	127	0	0	0	0	0	0	0	0	0	0	0	0	0	0	0	0	0	0	0	0	0	0	0	0	0	0
*	*	5p	+	128	0	0	0	0	0	0	0	0	0	0	0	0	0	0	0	0	0	0	0	0	0	0	0	0	0	0
*	*	5p	+	129	0	0	0	0	0	0	0	0	0	0	0	0	0	0	0	0	0	0	0	0	0	0	0	0	0	0
*	*	5p	+	130	0	0	0	0	0	0	0	0	0	0	0	0	0	0	0	0	0	0	0	0	0	0	0	0	0	0
*	*	5p	+	131	0	0	0	0	0	0	0	0	0	0	0	0	0	0	0	0	0	0	0	0	0	0	0	0	0	0
*	*	5p	+	132	0	0	0	0	0	0	0	0	0	0	0	0	0	0	0	0	0	0	0	0	0	0	0	0	0	0
*	*	5p	+	133	0	0	0	0	0	0	0	0	0	0	0	0	0	0	0	0	0	0	0	0	0	0	0	0	0	0
*	*	5p	+	134	0	0	0	0	0	0	0	0	0	0	0	0	0	0	0	0	0	0	0	0	0	0	0	0	0	0
*	*	5p	+	135	0	0	0	0	0	0	0	0	0	0	0	0	0	0	0	0	0	0	0	0	0	0	0	0	0	0
*	*	5p	+	136	0	0	0	0	0	0	0	0	0	0	0	0	0	0	0	0	0	0	0	0	0	0	0	0	0	0
*	*	5p	+	137	0	0	0	0	0	0	0	0	0	0	0	0	0	0	0	0	0	0	0	0	0	0	0	0	0	0
*	*	5p	+	138	0	0	0	0	0	0	0	0	0	0	0	0	0	0	0	0	0	0	0	0	0	0	0	0	0	0
*	*	5p	+	139	0	0	0	0	0	0	0	0	0	0	0	0	0	0	0	0	0	0	0	0	0	0	0	0	0	0
*	*	5p	+	140	0	0	0	0	0	0	0	0	0	0	0	0	0	0	0	0	0	0	0	0	0	0	0	0	0	0
*	*	5p	+	141	0	0	0	0	0	0	0	0	0	0	0	0	0	0	0	0	0	0	0	0	0	0	0	0	0	0
*	*	5p	+	142	0	0	0	0	0	0	0	0	0	0	0	0	0	0	0	0	0	0	0	0	0	0	0	0	0	0
*	*	5p	+	143	0	0	0	0	0	0	0	0	0	0	0	0	0	0	0	0	0	0	0	0	0	0	0	0	0	0
*	*	5p	+	144	0	0	0	0	0	0	0	0	0	0	0	0	0	0	0	0	0	0	0	0	0	0	0	0	0	0
*	*	5p	+	145	0	0	0	0	0	0	0	0	0	0	0	0	0	0	0	0	0	0	0	0	0	0	0	0	0	0
*	*	5p	+	146	0	0	0	0	0	0	0	0	0	0	0	0	0	0	0	0	0	0	0	0	0	0	0	0	0	0
*	*	5p	+	147	0	0	0	0	0	0	0	0	0	0	0	0	0	0	0	0	0	0	0	0	0	0	0	0	0	0
*	*	5p	+	148	0	0	0	0	0	0	0	0	0	0	0	0	0	0	0	0	0	0	0	0	0	0	0	0	0	0
*	*	5p	+	149	0	0	0	0	0	0	0	0	0	0	0	0	0	0	0	0	0	0	0	0	0	0	0	0	0	0
*	*	5p	+	150	0	0	0	0	0	0	0	0	0	0	0	0	0	0	0	0	0	0	0	0	0	0	0	0	0	0
*	*	5p	+	151	0	0	0	0	0	0	0	0	0	0	0	0	0	0	0	0	0	0	0	0	0	0	0	0	0	0
*	*	5p	+	152	0	0	0	0	0	0	0	0	0	0	0	0	0	0	0	0	0	0	0	0	0	0	0	0	0	0
*	*	5p	+	153	0	0	0	0	0	0	0	0	0	0	0	0	0	0	0	0	0	0	0	0	0	0	0	0	0	0
*	*	5p	+	154	0	0	0	0	0	0	0	0	0	0	0	0	0	0	0	0	0	0	0	0	0	0	0	0	0	0
*	*	5p	+	155	0	0	0	0	0	0	0	0	0	0	0	0	0	0	0	0	0	0	0	0	0	0	0	0	0	0
*	*	5p	+	156	0	0	0	0	0	0	0	0	0	0	0	0	0	0	0	0	0	0	0	0	0	0	0	0	0	0
*	*	5p	+	157	0	0	0	0	0	0	0	0	0	0	0	0	0	0	0	0	0	0	0	0	0	0	0	0	0	0
*	*	5p	+	158	0	0	0	0	0	0	0	0	0	0	0	0	0	0	0	0	0	0	0	0	0	0	0	0	0	0
*	*	5p	+	159	0	0	0	0	0	0	0	0	0	0	0	0	0	0	0	0	0	0	0	0	0	0	0	0	0	0
*	*	5p	+	160	0	0	0	0	0	0	0	0	0	0	0	0	0	0	0	0	0	0	0	0	0	0	0	0	0	0
*	*	5p	+	161	0	0	0	0	0	0	0	0	0	0	0	0	0	0	0	0	0	0	0	0	0	0	0	0	0	0
*	*	5p	+	162	0	0	0	0	0	0	0	0	0	0	0	0	0	0	0	0	0	0	0	0	0	0	0	0	0	0
*	*	5p	+	163	0	0	0	0	0	0	0	0	0	0	0	0	0	0	0	0	0	0	0	0	0	0	0	0	0	0
*	*	5p	+	164	0	0	0	0	0	0	0	0	0	0	0	0	0	0	0	0	0	0	0	0	0	0	0	0	0	0
*	*	5p	+	165	0	0	0	0	0	0	0	0	0	0	0	0	0	0	0	0	0	0	0	0	0	0	0	0	0	0
*	*	5p	+	166	0	0	0	0	0	0	0	0	0	0	0	0	0	0	0	0	0	0	0	0	0	0	0	0	0	0
*	*	5p	+	167	0	0	0	0	0	0	0	0	0	0	0	0	0	0	0	0	0	0	0	0	0	0	0	0	0	0
*	*	5p	+	168	0	0	0	0	0	0	0	0	0	0	0	0	0	0	0	0	0	0	0	0	0	0	0	0	0	0
*	*	5p	+	169	0	0	0	0	0	0	0	0	0	0	0	0	0	0	0	0	0	0	0	0	0	0	0	0	0	0
*	*	5p	+	170	0	0	0	0	0	0	0	0	0	0	0	0	0	0	0	0	0	0	0	0	0	0	0	0	0	0
*	*	5p	+	171	0	0	0	0	0	0	0	0	0	0	0	0	0	0	0	0	0	0	0	0	0	0	0	0	0	0
*	*	5p	+	172	0	0	0	0	0	0	0	0	0	0	0	0	0	0	0	0	0	0	0	0	0	0	0	0	0	0
*	*	5p	+	173	0	0	0	0	0	0	0	0	0	0	0	0	0	0	0	0	0	0	0	0	0	0	0	0	0	0
*	*	5p	+	174	0	0	0	0	0	0	0	0	0	0	0	0	0	0	0	0	0	0	0	0	0	0	0	0	0	0
*	*	5p	+	175	0	0	0	0	0	0	0	0	0	0	0	0	0	0	0	0	0	0	0	0	0	0	0	0	0	0
*	*	5p	+	176	0	0	0	0	0	0	0	0	0	0	0	0	0	0	0	0	0	0	0	0	0	0	0	0	0	0
*	*	5p	+	177	0	0	0	0	0	0	0	0	0	0	0	0	0	0	0	0	0	0	0	0	0	0	0	0	0	0
*	*	5p	+	178	0	0	0	0	0	0	0	0	0	0	0	0	0	0	0	0	0	0	0	0	0	0	0	0	0	0
*	*	5p	+	179	0	0	0	0	0	0	0	0	0	0	0	0	0	0	0	0	0	0	0	0	0	0	0	0	0	0
*	*	5p	+	180	0	0	0	0	0	0	0	0	0	0	0	0	0	0	0	0	0	0	0	0	0	0	0	0	0	0
*	*	5p	+	181	0	0	0	0	0	0	0	0	0	0	0	0	0	0	0	0	0	0	0	0	0	0	0	0	0	0
*	*	5p	+	182	0	0	0	0	0	0	0	0	0	0	0	0	0	0	0	0	0	0	0	0	0	0	0	0	0	0
*	*	5p	+	183	0	0	0	0	0	0	0	0	0	0	0	0	0	0	0	0	0	0	0	0	0	0	0	0	0	0
*	*	5p	+	184	0	0	0	0	0	0	0	0	0	0	0	0	0	0	0	0	0	0	0	0	0	0	0	0	0	0
*	*	5p	+	185	0	0	0	0	0	0	0	0	0	0	0	0	0	0	0	0	0	0	0	0	0	0	0	0	0	0
*	*	5p	+	186	0	0	0	0	0	0	0	0	0	0	0	0	0	0	0	0	0	0	0	0	0	0	0	0	0	0
*	*	5p	+	187	0	0	0	0	0	0	0	0	0	0	0	0	0	0	0	0	0	0	0	0	0	0	0	0	0	0
*	*	5p	+	188	0	0	0	0	0	0	0	0	0	0	0	0	0	0	0	0	0	0	0	0	0	0	0	0	0	0
*	*	5p	+	189	0	0	0	0	0	0	0	0	0	0	0	0	0	0	0	0	0	0	0	0	0	0	0	0	0	0
*	*	5p	+	190	0	0	0	0	0	0	0	0	0	0	0	0	0	0	0	0	0	0	0	0	0	0	0	0	0	0
*	*	5p	+	191	0	0	0	0	0	0	0	0	0	0	0	0	0	0	0	0	0	0	0	0	0	0	0	0	0	0
*	*	5p	+	192	0	0	0	0	0	0	0	0	0	0	0	0	0	0	0	0	0	0	0	0	0	0	0	0	0	0
*	*	5p	+	193	0	0	0	0	0	0	0	0	0	0	0	0	0	0	0	0	0	0	0	0	0	0	0	0	0	0
*	*	5p	+	194	0	0	0	0	0	0	0	0	0	0	0	0	0	0	0	0	0	0	0	0	0	0	0	0	0	0
*	*	5p	+	195	0	0	0	0	0	0	0	0	0	0	0	0	0	0	0	0	0	0	0	0	0	0	0	0	0	0
*	*	5p	+	196	0	0	0	0	0	0	0	0	0	0	0	0	0	0	0	0	0	0	0	0	0	0	0	0	0	0
*	*	5p	+	197	0	0	0	0	0	0	0	0	0	0	0	0	0	0	0	0	0	0	0	0	0	0	0	0	0	0
*	*	5p	+	198	0	0	0	0	0	0	0	0	0	0	0	0	0	0	0	0	0	0	0	0	0	0	0	0	0	0
*	*	5p	+	199	0	0	0	0	0	0	0	0	0	0	0	0	0	0	0	0	0	0	0	0	0	0	0	0	0	0
*	*	5p	+	200	0	0	0	0	0	0	0	0	0	0	0	0	0	0	0	0	0	0	0	0	0	0	0	0	0	0
*	*	5p	-	1	114967	79553	80464	113666	388650	26	531	102	90	76	89	58	39	93	117	56	49	0	0	0	0	0	0	0	0	0
*	*	5p	-	2	114340	79474	80799	114037	388650	38	357	95	84	34	83	38	48	64	79	36	37	0	0	0	0	0	0	0	0	0
*	*	5p	-	3	114541	80550	80155	113404	388650	28	205	91	96	57	71	45	38	60	53	32	34	0	0	0	0	0	0	0	0	0
*	*	5p	-	4	114825	79778	80122	113925	388650	75	287	139	94	60	89	29	52	57	65	41	42	0	0	0	0	0	0	0	0	0
*	*	5p	-	5	114601	79719	80429	113871	388620	72	212	95	99	69	59	37	51	71	85	43	50	16	3	6	6	4	10	8	8	0
*	*	5p	-	6	114785	80258	80454	113134	388631	65	193	100	100	68	66	37	29	57	91	47	38	4	2	5	7	3	6	2	8	0
*	*	5p	-	7	114443	80133	80708	113326	388610	71	136	99	91	46	79	32	35	42	66	35	29	4	4	4	4	10	17	6	7	0
*	*	5p	-	8	114878	80209	79991	113519	388597	60	118	103	92	52	58	33	31	59	41	45	24	8	6	5	4	23	13	9	8	0
*	*	5p	-	9	114459	80001	80022	114117	388599	96	94	107	86	51	40	29	45	65	50	28	47	0	3	4	5	16	10	8	17	0
*	*	5p	-	10	114331	80422	79835	114035	388623	78	104	87	74	49	68	38	35	51	72	34	20	7	4	2	3	5	12	3	7	0
*	*	5p	-	11	113838	80489	79981	114314	388622	76	98	82	60	35	59	36	35	52	61	33	24	6	6	5	0	12	8	5	3	0
*	*	5p	-	12	114214	80068	80318	114032	388632	87	94	82	73	49	50	35	37	48	41	45	32	12	0	0	2	4	3	7	4	0
*	*	5p	-	13	114113	79964	80132	114415	388624	79	117	104	60	36	45	33	36	49	52	38	31	4	4	2	4	6	7	9	4	0
*	*	5p	-	14	114223	80257	79878	114278	388636	75	93	86	70	36	47	40	29	43	46	26	45	5	4	0	2	1	5	4	4	0
*	*	5p	-	15	114515	80149	79812	114156	388632	70	91	89	80	44	52	32	37	39	47	25	34	3	7	2	1	1	6	2	9	0
*	*	5p	-	16	113737	80435	80346	114118	388636	76	93	88	98	44	57	33	48	44	46	23	32	4	5	0	2	5	2	1	6	0
*	*	5p	-	17	114254	80591	80033	113742	388620	88	102	80	79	46	55	42	43	48	33	24	27	3	4	1	0	7	3	12	8	0
*	*	5p	-	18	114600	79991	80007	114045	388643	85	87	80	70	58	55	30	41	36	39	22	25	5	1	1	4	2	4	1	0	0
*	*	5p	-	19	114064	79996	80345	114230	388635	58	53	58	96	33	40	23	19	34	41	21	32	3	4	1	1	0	8	2	5	0
*	*	5p	-	20	114276	79936	80373	114051	388636	57	67	73	61	22	51	28	36	39	40	20	23	1	0	0	1	4	2	4	4	0
*	*	5p	-	21	114210	80049	80069	114310	388638	68	63	53	51	28	41	27	27	29	41	25	23	9	3	1	1	3	2	6	1	0
*	*	5p	-	22	114338	79666	80261	114361	388626	54	45	39	47	24	46	31	31	35	34	26	34	2	2	1	3	2	12	4	6	0
*	*	5p	-	23	114131	79478	80701	114322	388632	63	55	61	62	33	44	20	38	41	43	12	15	1	1	2	1	3	10	1	4	0
*	*	5p	-	24	114329	79759	80150	114375	388613	146	128	138	137	60	65	55	46	69	98	50	59	1	5	3	5	8	5	10	14	0
*	*	5p	-	25	113600	80003	80472	114517	388592	173	140	130	146	69	79	74	63	63	84	50	68	6	2	3	5	10	37	6	5	0
*	*	5p	-	26	114257	79509	80144	114683	388593	151	123	124	153	74	87	44	75	78	94	60	63	13	6	3	4	20	17	12	8	0
*	*	5p	-	27	113546	79995	81155	113918	388614	200	132	119	151	96	94	53	71	75	103	69	61	7	7	4	3	8	19	6	3	0
*	*	5p	-	28	114159	80468	80216	113783	388626	164	120	140	156	76	88	41	58	76	85	54	51	19	7	4	7	8	13	2	1	0
*	*	5p	-	29	114255	80133	79824	114405	388617	217	147	127	150	89	92	48	61	75	85	56	53	13	10	4	10	12	12	4	5	0
*	*	5p	-	30	113724	79975	80736	114174	388609	171	126	150	131	98	97	40	52	85	94	54	62	6	2	1	6	10	12	9	10	0
*	*	5p	-	31	111150	78055	77552	111275	378032	194	144	131	153	69	90	56	60	95	90	51	45	2	6	1	2	2	4	7	6	0
*	*	5p	-	32	107155	75679	75085	108106	366025	191	127	146	132	81	73	56	67	72	83	55	43	0	2	3	2	3	17	19	3	0
*	*	5p	-	33	103881	72355	73462	103696	353394	184	108	146	166	71	79	53	55	61	75	59	67	9	1	1	1	7	4	4	4	0
*	*	5p	-	34	99473	70342	70366	99898	340079	184	113	163	120	57	86	47	65	69	103	48	56	0	8	0	9	10	3	1	1	0
*	*	5p	-	35	95804	67870	67391	95483	326548	213	110	118	158	70	68	54	67	72	65	37	52	7	4	4	2	7	3	3	2	0
*	*	5p	-	36	90806	64644	64659	92483	312592	181	115	122	148	72	58	48	59	72	75	35	29	1	2	2	1	1	7	2	2	0
*	*	5p	-	37	87517	61644	61614	87942	298717	173	85	106	157	80	77	53	52	55	66	40	40	5	1	0	1	4	2	3	3	0
*	*	5p	-	38	83081	58847	59045	83815	284788	144	103	110	120	78	69	49	55	51	70	43	51	2	2	0	2	3	6	3	3	0
*	*	5p	-	39	79453	56346	56033	79518	271350	170	96	104	125	38	59	36	43	50	71	37	30	1	1	1	0	11	2	1	1	0
*	*	5p	-	40	75242	53391	53277	75855	257765	161	74	86	92	57	49	32	43	46	39	37	41	2	3	2	0	3	2	0	2	0
*	*	5p	-	41	72146	50739	50694	71640	245219	135	50	74	139	59	50	27	39	30	62	47	29	0	0	0	0	3	4	0	2	0
*	*	5p	-	42	67380	48839	48408	68087	232714	139	57	81	99	31	58	33	33	44	54	38	36	0	0	2	1	4	2	1	0	0
*	*	5p	-	43	64074	45865	45709	64160	219808	142	64	71	69	37	44	23	31	25	61	21	36	2	4	1	2	1	3	0	5	0
*	*	5p	-	44	60285	43136	43020	60831	207272	108	62	67	65	34	37	28	29	40	47	23	29	1	2	1	1	0	1	2	2	0
*	*	5p	-	45	57079	40767	40641	56892	195379	146	48	54	62	61	37	23	23	39	32	25	25	1	7	1	0	3	1	0	0	0
*	*	5p	-	46	53309	38564	38179	53919	183971	123	38	53	50	28	41	27	30	33	40	17	30	2	0	0	2	3	2	1	0	0
*	*	5p	-	47	50603	36102	35741	50516	172962	110	57	47	54	32	34	32	29	40	34	18	21	2	0	1	0	0	3	4	0	0
*	*	5p	-	48	47273	34203	33803	47503	162782	86	38	64	55	28	32	20	25	32	27	22	27	0	3	0	0	1	2	0	0	0
*	*	5p	-	49	44490	31844	31860	44470	152664	110	25	35	54	23	27	14	17	26	25	18	21	1	1	1	0	2	1	0	0	0
*	*	5p	-	50	41292	29806	29925	41784	142807	80	28	38	29	23	18	22	21	29	21	29	22	1	0	0	2	0	0	0	0	0
*	*	5p	-	51	38684	28157	28261	38721	133823	70	28	39	35	17	23	13	18	15	22	14	14	1	1	2	0	0	0	0	0	0
*	*	5p	-	52	36325	26308	26170	36807	125610	67	25	35	41	23	24	14	27	19	25	20	14	1	1	1	1	0	0	0	0	0
*	*	5p	-	53	34001	24341	24857	34550	117749	76	29	26	27	28	18	17	22	20	16	14	15	1	1	0	0	0	1	2	0	0
*	*	5p	-	54	31755	23203	23252	32010	110220	58	29	27	45	18	24	21	23	14	18	10	7	0	0	0	1	0	2	0	0	0
*	*	5p	-	55	30303	21752	21472	29828	103355	56	14	30	35	15	11	10	12	17	26	15	14	0	0	0	2	1	0	0	1	0
*	*	5p	-	56	28127	20242	20647	27872	96888	57	15	22	23	18	13	10	13	9	10	17	16	1	0	0	0	0	1	0	1	0
*	*	5p	-	57	26272	19354	18873	26287	90786	48	16	26	31	15	17	9	11	14	18	19	8	0	0	0	0	1	0	0	1	0
*	*	5p	-	58	24788	17780	17748	24647	84963	54	16	27	22	9	15	8	5	14	15	16	6	0	0	0	0	0	0	0	0	0
*	*	5p	-	59	23215	16590	16811	22731	79347	47	23	18	20	16	13	15	16	7	17	15	9	0	0	0	0	0	0	1	0	0
*	*	5p	-	60	21566	15670	15586	21461	74283	45	19	28	17	11	12	7	9	13	12	11	12	0	0	0	1	0	0	2	0	0
*	*	5p	-	61	20155	14580	14615	20196	69546	44	6	15	19	9	20	11	9	10	17	13	9	0	2	0	0	3	0	0	1	0
*	*	5p	-	62	18823	13733	13712	18931	65199	39	8	26	20	12	16	6	14	7	21	7	7	0	1	0	1	0	0	0	1	0
*	*	5p	-	63	17602	12881	12881	17662	61026	45	13	24	15	6	8	6	6	9	9	12	9	0	0	0	0	0	0	0	0	0
*	*	5p	-	64	16631	12012	12058	16601	57302	40	12	25	16	14	16	11	8	8	6	7	10	0	0	0	0	0	0	0	0	0
*	*	5p	-	65	15399	10927	11273	15580	53179	35	11	13	17	11	14	8	9	10	8	12	6	0	0	0	0	1	0	0	1	0
*	*	5p	-	66	14434	10370	10221	14287	49312	36	9	17	15	12	9	2	2	13	9	2	2	0	0	0	0	0	0	0	0	0
*	*	5p	-	67	13198	9514	9670	13321	45703	37	10	7	13	5	7	8	8	13	3	6	7	0	0	0	0	0	0	0	0	0
*	*	5p	-	68	12310	8717	8720	12397	42144	32	6	15	9	6	5	5	4	6	3	4	2	0	0	0	0	0	0	0	0	0
*	*	5p	-	69	11188	7966	8313	11344	38811	29	8	5	6	2	9	6	5	6	6	5	9	0	0	0	0	1	0	0	0	0
*	*	5p	-	70	10256	7670	7561	10455	35942	29	11	14	10	8	8	8	6	5	8	4	5	1	0	0	0	0	0	0	0	0
*	*	5p	-	71	9595	7020	6957	9662	33234	19	9	12	19	9	4	2	9	5	8	3	1	1	0	0	0	0	0	0	0	0
*	*	5p	-	72	9028	6407	6429	8856	30720	27	4	12	9	6	9	4	7	8	10	1	5	0	0	0	0	0	0	0	0	0
*	*	5p	-	73	8181	5913	5948	8150	28192	14	0	10	10	12	8	7	5	9	2	4	3	0	0	0	0	0	0	0	0	0
*	*	5p	-	74	7375	5551	5504	7558	25988	11	3	7	7	5	5	1	6	5	11	7	5	0	0	0	0	0	1	0	0	0
*	*	5p	-	75	6833	5031	5123	6908	23895	8	7	10	10	8	11	7	7	9	8	3	8	0	0	0	0	0	0	0	0	0
*	*	5p	-	76	4	3	2	4	13	0	0	0	0	0	0	0	0	0	0	0	0	0	0	0	0	0	0	0	0	0
*	*	5p	-	77	0	0	2	0	2	0	0	0	0	0	0	0	0	0	0	0	0	0	0	0	0	0	0	0	0	0
*	*	5p	-	78	0	0	0	0	0	0	0	0	0	0	0	0	0	0	0	0	0	0	0	0	0	0	0	0	0	0
*	*	5p	-	79	0	0	0	0	0	0	0	0	0	0	0	0	0	0	0	0	0	0	0	0	0	0	0	0	0	0
*	*	5p	-	80	0	0	0	0	0	0	0	0	0	0	0	0	0	0	0	0	0	0	0	0	0	0	0	0	0	0
*	*	5p	-	81	0	0	0	0	0	0	0	0	0	0	0	0	0	0	0	0	0	0	0	0	0	0	0	0	0	0
*	*	5p	-	82	0	0	0	0	0	0	0	0	0	0	0	0	0	0	0	0	0	0	0	0	0	0	0	0	0	0
*	*	5p	-	83	0	0	0	0	0	0	0	0	0	0	0	0	0	0	0	0	0	0	0	0	0	0	0	0	0	0
*	*	5p	-	84	0	0	0	0	0	0	0	0	0	0	0	0	0	0	0	0	0	0	0	0	0	0	0	0	0	0
*	*	5p	-	85	0	0	0	0	0	0	0	0	0	0	0	0	0	0	0	0	0	0	0	0	0	0	0	0	0	0
*	*	5p	-	86	0	0	0	0	0	0	0	0	0	0	0	0	0	0	0	0	0	0	0	0	0	0	0	0	0	0
*	*	5p	-	87	0	0	0	0	0	0	0	0	0	0	0	0	0	0	0	0	0	0	0	0	0	0	0	0	0	0
*	*	5p	-	88	0	0	0	0	0	0	0	0	0	0	0	0	0	0	0	0	0	0	0	0	0	0	0	0	0	0
*	*	5p	-	89	0	0	0	0	0	0	0	0	0	0	0	0	0	0	0	0	0	0	0	0	0	0	0	0	0	0
*	*	5p	-	90	0	0	0	0	0	0	0	0	0	0	0	0	0	0	0	0	0	0	0	0	0	0	0	0	0	0
*	*	5p	-	91	0	0	0	0	0	0	0	0	0	0	0	0	0	0	0	0	0	0	0	0	0	0	0	0	0	0
*	*	5p	-	92	0	0	0	0	0	0	0	0	0	0	0	0	0	0	0	0	0	0	0	0	0	0	0	0	0	0
*	*	5p	-	93	0	0	0	0	0	0	0	0	0	0	0	0	0	0	0	0	0	0	0	0	0	0	0	0	0	0
*	*	5p	-	94	0	0	0	0	0	0	0	0	0	0	0	0	0	0	0	0	0	0	0	0	0	0	0	0	0	0
*	*	5p	-	95	0	0	0	0	0	0	0	0	0	0	0	0	0	0	0	0	0	0	0	0	0	0	0	0	0	0
*	*	5p	-	96	0	0	0	0	0	0	0	0	0	0	0	0	0	0	0	0	0	0	0	0	0	0	0	0	0	0
*	*	5p	-	97	0	0	0	0	0	0	0	0	0	0	0	0	0	0	0	0	0	0	0	0	0	0	0	0	0	0
*	*	5p	-	98	0	0	0	0	0	0	0	0	0	0	0	0	0	0	0	0	0	0	0	0	0	0	0	0	0	0
*	*	5p	-	99	0	0	0	0	0	0	0	0	0	0	0	0	0	0	0	0	0	0	0	0	0	0	0	0	0	0
*	*	5p	-	100	0	0	0	0	0	0	0	0	0	0	0	0	0	0	0	0	0	0	0	0	0	0	0	0	0	0
*	*	5p	-	101	0	0	0	0	0	0	0	0	0	0	0	0	0	0	0	0	0	0	0	0	0	0	0	0	0	0
*	*	5p	-	102	0	0	0	0	0	0	0	0	0	0	0	0	0	0	0	0	0	0	0	0	0	0	0	0	0	0
*	*	5p	-	103	0	0	0	0	0	0	0	0	0	0	0	0	0	0	0	0	0	0	0	0	0	0	0	0	0	0
*	*	5p	-	104	0	0	0	0	0	0	0	0	0	0	0	0	0	0	0	0	0	0	0	0	0	0	0	0	0	0
*	*	5p	-	105	0	0	0	0	0	0	0	0	0	0	0	0	0	0	0	0	0	0	0	0	0	0	0	0	0	0
*	*	5p	-	106	0	0	0	0	0	0	0	0	0	0	0	0	0	0	0	0	0	0	0	0	0	0	0	0	0	0
*	*	5p	-	107	0	0	0	0	0	0	0	0	0	0	0	0	0	0	0	0	0	0	0	0	0	0	0	0	0	0
*	*	5p	-	108	0	0	0	0	0	0	0	0	0	0	0	0	0	0	0	0	0	0	0	0	0	0	0	0	0	0
*	*	5p	-	109	0	0	0	0	0	0	0	0	0	0	0	0	0	0	0	0	0	0	0	0	0	0	0	0	0	0
*	*	5p	-	110	0	0	0	0	0	0	0	0	0	0	0	0	0	0	0	0	0	0	0	0	0	0	0	0	0	0
*	*	5p	-	111	0	0	0	0	0	0	0	0	0	0	0	0	0	0	0	0	0	0	0	0	0	0	0	0	0	0
*	*	5p	-	112	0	0	0	0	0	0	0	0	0	0	0	0	0	0	0	0	0	0	0	0	0	0	0	0	0	0
*	*	5p	-	113	0	0	0	0	0	0	0	0	0	0	0	0	0	0	0	0	0	0	0	0	0	0	0	0	0	0
*	*	5p	-	114	0	0	0	0	0	0	0	0	0	0	0	0	0	0	0	0	0	0	0	0	0	0	0	0	0	0
*	*	5p	-	115	0	0	0	0	0	0	0	0	0	0	0	0	0	0	0	0	0	0	0	0	0	0	0	0	0	0
*	*	5p	-	116	0	0	0	0	0	0	0	0	0	0	0	0	0	0	0	0	0	0	0	0	0	0	0	0	0	0
*	*	5p	-	117	0	0	0	0	0	0	0	0	0	0	0	0	0	0	0	0	0	0	0	0	0	0	0	0	0	0
*	*	5p	-	118	0	0	0	0	0	0	0	0	0	0	0	0	0	0	0	0	0	0	0	0	0	0	0	0	0	0
*	*	5p	-	119	0	0	0	0	0	0	0	0	0	0	0	0	0	0	0	0	0	0	0	0	0	0	0	0	0	0
*	*	5p	-	120	0	0	0	0	0	0	0	0	0	0	0	0	0	0	0	0	0	0	0	0	0	0	0	0	0	0
*	*	5p	-	121	0	0	0	0	0	0	0	0	0	0	0	0	0	0	0	0	0	0	0	0	0	0	0	0	0	0
*	*	5p	-	122	0	0	0	0	0	0	0	0	0	0	0	0	0	0	0	0	0	0	0	0	0	0	0	0	0	0
*	*	5p	-	123	0	0	0	0	0	0	0	0	0	0	0	0	0	0	0	0	0	0	0	0	0	0	0	0	0	0
*	*	5p	-	124	0	0	0	0	0	0	0	0	0	0	0	0	0	0	0	0	0	0	0	0	0	0	0	0	0	0
*	*	5p	-	125	0	0	0	0	0	0	0	0	0	0	0	0	0	0	0	0	0	0	0	0	0	0	0	0	0	0
*	*	5p	-	126	0	0	0	0	0	0	0	0	0	0	0	0	0	0	0	0	0	0	0	0	0	0	0	0	0	0
*	*	5p	-	127	0	0	0	0	0	0	0	0	0	0	0	0	0	0	0	0	0	0	0	0	0	0	0	0	0	0
*	*	5p	-	128	0	0	0	0	0	0	0	0	0	0	0	0	0	0	0	0	0	0	0	0	0	0	0	0	0	0
*	*	5p	-	129	0	0	0	0	0	0	0	0	0	0	0	0	0	0	0	0	0	0	0	0	0	0	0	0	0	0
*	*	5p	-	130	0	0	0	0	0	0	0	0	0	0	0	0	0	0	0	0	0	0	0	0	0	0	0	0	0	0
*	*	5p	-	131	0	0	0	0	0	0	0	0	0	0	0	0	0	0	0	0	0	0	0	0	0	0	0	0	0	0
*	*	5p	-	132	0	0	0	0	0	0	0	0	0	0	0	0	0	0	0	0	0	0	0	0	0	0	0	0	0	0
*	*	5p	-	133	0	0	0	0	0	0	0	0	0	0	0	0	0	0	0	0	0	0	0	0	0	0	0	0	0	0
*	*	5p	-	134	0	0	0	0	0	0	0	0	0	0	0	0	0	0	0	0	0	0	0	0	0	0	0	0	0	0
*	*	5p	-	135	0	0	0	0	0	0	0	0	0	0	0	0	0	0	0	0	0	0	0	0	0	0	0	0	0	0
*	*	5p	-	136	0	0	0	0	0	0	0	0	0	0	0	0	0	0	0	0	0	0	0	0	0	0	0	0	0	0
*	*	5p	-	137	0	0	0	0	0	0	0	0	0	0	0	0	0	0	0	0	0	0	0	0	0	0	0	0	0	0
*	*	5p	-	138	0	0	0	0	0	0	0	0	0	0	0	0	0	0	0	0	0	0	0	0	0	0	0	0	0	0
*	*	5p	-	139	0	0	0	0	0	0	0	0	0	0	0	0	0	0	0	0	0	0	0	0	0	0	0	0	0	0
*	*	5p	-	140	0	0	0	0	0	0	0	0	0	0	0	0	0	0	0	0	0	0	0	0	0	0	0	0	0	0
*	*	5p	-	141	0	0	0	0	0	0	0	0	0	0	0	0	0	0	0	0	0	0	0	0	0	0	0	0	0	0
*	*	5p	-	142	0	0	0	0	0	0	0	0	0	0	0	0	0	0	0	0	0	0	0	0	0	0	0	0	0	0
*	*	5p	-	143	0	0	0	0	0	0	0	0	0	0	0	0	0	0	0	0	0	0	0	0	0	0	0	0	0	0
*	*	5p	-	144	0	0	0	0	0	0	0	0	0	0	0	0	0	0	0	0	0	0	0	0	0	0	0	0	0	0
*	*	5p	-	145	0	0	0	0	0	0	0	0	0	0	0	0	0	0	0	0	0	0	0	0	0	0	0	0	0	0
*	*	5p	-	146	0	0	0	0	0	0	0	0	0	0	0	0	0	0	0	0	0	0	0	0	0	0	0	0	0	0
*	*	5p	-	147	0	0	0	0	0	0	0	0	0	0	0	0	0	0	0	0	0	0	0	0	0	0	0	0	0	0
*	*	5p	-	148	0	0	0	0	0	0	0	0	0	0	0	0	0	0	0	0	0	0	0	0	0	0	0	0	0	0
*	*	5p	-	149	0	0	0	0	0	0	0	0	0	0	0	0	0	0	0	0	0	0	0	0	0	0	0	0	0	0
*	*	5p	-	150	0	0	0	0	0	0	0	0	0	0	0	0	0	0	0	0	0	0	0	0	0	0	0	0	0	0
*	*	5p	-	151	0	0	0	0	0	0	0	0	0	0	0	0	0	0	0	0	0	0	0	0	0	0	0	0	0	0
*	*	5p	-	152	0	0	0	0	0	0	0	0	0	0	0	0	0	0	0	0	0	0	0	0	0	0	0	0	0	0
*	*	5p	-	153	0	0	0	0	0	0	0	0	0	0	0	0	0	0	0	0	0	0	0	0	0	0	0	0	0	0
*	*	5p	-	154	0	0	0	0	0	0	0	0	0	0	0	0	0	0	0	0	0	0	0	0	0	0	0	0	0	0
*	*	5p	-	155	0	0	0	0	0	0	0	0	0	0	0	0	0	0	0	0	0	0	0	0	0	0	0	0	0	0
*	*	5p	-	156	0	0	0	0	0	0	0	0	0	0	0	0	0	0	0	0	0	0	0	0	0	0	0	0	0	0
*	*	5p	-	157	0	0	0	0	0	0	0	0	0	0	0	0	0	0	0	0	0	0	0	0	0	0	0	0	0	0
*	*	5p	-	158	0	0	0	0	0	0	0	0	0	0	0	0	0	0	0	0	0	0	0	0	0	0	0	0	0	0
*	*	5p	-	159	0	0	0	0	0	0	0	0	0	0	0	0	0	0	0	0	0	0	0	0	0	0	0	0	0	0
*	*	5p	-	160	0	0	0	0	0	0	0	0	0	0	0	0	0	0	0	0	0	0	0	0	0	0	0	0	0	0
*	*	5p	-	161	0	0	0	0	0	0	0	0	0	0	0	0	0	0	0	0	0	0	0	0	0	0	0	0	0	0
*	*	5p	-	162	0	0	0	0	0	0	0	0	0	0	0	0	0	0	0	0	0	0	0	0	0	0	0	0	0	0
*	*	5p	-	163	0	0	0	0	0	0	0	0	0	0	0	0	0	0	0	0	0	0	0	0	0	0	0	0	0	0
*	*	5p	-	164	0	0	0	0	0	0	0	0	0	0	0	0	0	0	0	0	0	0	0	0	0	0	0	0	0	0
*	*	5p	-	165	0	0	0	0	0	0	0	0	0	0	0	0	0	0	0	0	0	0	0	0	0	0	0	0	0	0
*	*	5p	-	166	0	0	0	0	0	0	0	0	0	0	0	0	0	0	0	0	0	0	0	0	0	0	0	0	0	0
*	*	5p	-	167	0	0	0	0	0	0	0	0	0	0	0	0	0	0	0	0	0	0	0	0	0	0	0	0	0	0
*	*	5p	-	168	0	0	0	0	0	0	0	0	0	0	0	0	0	0	0	0	0	0	0	0	0	0	0	0	0	0
*	*	5p	-	169	0	0	0	0	0	0	0	0	0	0	0	0	0	0	0	0	0	0	0	0	0	0	0	0	0	0
*	*	5p	-	170	0	0	0	0	0	0	0	0	0	0	0	0	0	0	0	0	0	0	0	0	0	0	0	0	0	0
*	*	5p	-	171	0	0	0	0	0	0	0	0	0	0	0	0	0	0	0	0	0	0	0	0	0	0	0	0	0	0
*	*	5p	-	172	0	0	0	0	0	0	0	0	0	0	0	0	0	0	0	0	0	0	0	0	0	0	0	0	0	0
*	*	5p	-	173	0	0	0	0	0	0	0	0	0	0	0	0	0	0	0	0	0	0	0	0	0	0	0	0	0	0
*	*	5p	-	174	0	0	0	0	0	0	0	0	0	0	0	0	0	0	0	0	0	0	0	0	0	0	0	0	0	0
*	*	5p	-	175	0	0	0	0	0	0	0	0	0	0	0	0	0	0	0	0	0	0	0	0	0	0	0	0	0	0
*	*	5p	-	176	0	0	0	0	0	0	0	0	0	0	0	0	0	0	0	0	0	0	0	0	0	0	0	0	0	0
*	*	5p	-	177	0	0	0	0	0	0	0	0	0	0	0	0	0	0	0	0	0	0	0	0	0	0	0	0	0	0
*	*	5p	-	178	0	0	0	0	0	0	0	0	0	0	0	0	0	0	0	0	0	0	0	0	0	0	0	0	0	0
*	*	5p	-	179	0	0	0	0	0	0	0	0	0	0	0	0	0	0	0	0	0	0	0	0	0	0	0	0	0	0
*	*	5p	-	180	0	0	0	0	0	0	0	0	0	0	0	0	0	0	0	0	0	0	0	0	0	0	0	0	0	0
*	*	5p	-	181	0	0	0	0	0	0	0	0	0	0	0	0	0	0	0	0	0	0	0	0	0	0	0	0	0	0
*	*	5p	-	182	0	0	0	0	0	0	0	0	0	0	0	0	0	0	0	0	0	0	0	0	0	0	0	0	0	0
*	*	5p	-	183	0	0	0	0	0	0	0	0	0	0	0	0	0	0	0	0	0	0	0	0	0	0	0	0	0	0
*	*	5p	-	184	0	0	0	0	0	0	0	0	0	0	0	0	0	0	0	0	0	0	0	0	0	0	0	0	0	0
*	*	5p	-	185	0	0	0	0	0	0	0	0	0	0	0	0	0	0	0	0	0	0	0	0	0	0	0	0	0	0
*	*	5p	-	186	0	0	0	0	0	0	0	0	0	0	0	0	0	0	0	0	0	0	0	0	0	0	0	0	0	0
*	*	5p	-	187	0	0	0	0	0	0	0	0	0	0	0	0	0	0	0	0	0	0	0	0	0	0	0	0	0	0
*	*	5p	-	188	0	0	0	0	0	0	0	0	0	0	0	0	0	0	0	0	0	0	0	0	0	0	0	0	0	0
*	*	5p	-	189	0	0	0	0	0	0	0	0	0	0	0	0	0	0	0	0	0	0	0	0	0	0	0	0	0	0
*	*	5p	-	190	0	0	0	0	0	0	0	0	0	0	0	0	0	0	0	0	0	0	0	0	0	0	0	0	0	0
*	*	5p	-	191	0	0	0	0	0	0	0	0	0	0	0	0	0	0	0	0	0	0	0	0	0	0	0	0	0	0
*	*	5p	-	192	0	0	0	0	0	0	0	0	0	0	0	0	0	0	0	0	0	0	0	0	0	0	0	0	0	0
*	*	5p	-	193	0	0	0	0	0	0	0	0	0	0	0	0	0	0	0	0	0	0	0	0	0	0	0	0	0	0
*	*	5p	-	194	0	0	0	0	0	0	0	0	0	0	0	0	0	0	0	0	0	0	0	0	0	0	0	0	0	0
*	*	5p	-	195	0	0	0	0	0	0	0	0	0	0	0	0	0	0	0	0	0	0	0	0	0	0	0	0	0	0
*	*	5p	-	196	0	0	0	0	0	0	0	0	0	0	0	0	0	0	0	0	0	0	0	0	0	0	0	0	0	0
*	*	5p	-	197	0	0	0	0	0	0	0	0	0	0	0	0	0	0	0	0	0	0	0	0	0	0	0	0	0	0
*	*	5p	-	198	0	0	0	0	0	0	0	0	0	0	0	0	0	0	0	0	0	0	0	0	0	0	0	0	0	0
*	*	5p	-	199	0	0	0	0	0	0	0	0	0	0	0	0	0	0	0	0	0	0	0	0	0	0	0	0	0	0
*	*	5p	-	200	0	0	0	0	0	0	0	0	0	0	0	0	0	0	0	0	0	0	0	0	0	0	0	0	0	0
