Sample	Library	End	Std	Pos	A	C	G	T	Total	G>A	C>T	A>G	T>C	A>C	A>T	C>G	C>A	T>G	T>A	G>C	G>T	A>-	T>-	C>-	G>-	->A	->T	->C	->G	S
*	*	3p	+	1	113072	80462	79765	114191	387490	1167	131	119	133	78	114	42	90	76	91	68	78	0	0	0	0	0	0	0	0	0
*	*	3p	+	2	113142	81205	80611	114653	389611	682	107	104	144	99	87	53	58	71	98	64	56	0	0	0	0	0	0	0	0	0
*	*	3p	+	3	114591	80795	80926	115515	391827	528	103	119	135	76	74	49	45	61	83	42	64	0	0	0	0	0	0	0	1	0
*	*	3p	+	4	114633	81387	80510	115297	391827	361	104	136	142	73	89	56	52	71	67	87	52	0	0	0	0	0	0	0	0	0
*	*	3p	+	5	114453	80981	80973	115421	391828	279	93	129	115	74	121	53	47	66	93	56	63	0	0	0	0	1	1	3	2	0
*	*	3p	+	6	113883	81188	81384	115290	391745	220	120	136	156	71	90	35	47	65	65	59	47	0	0	0	0	5	14	58	17	0
*	*	3p	+	7	114394	80565	81722	115125	391806	203	129	116	159	61	90	43	45	79	63	48	55	2	6	1	6	16	10	10	7	0
*	*	3p	+	8	114564	80645	81566	115016	391791	161	107	114	143	82	98	43	52	67	67	35	64	6	8	0	4	18	16	14	8	0
*	*	3p	+	9	114170	81051	81178	115405	391804	144	106	131	137	68	65	50	47	60	61	44	47	6	6	4	8	9	12	13	11	0
*	*	3p	+	10	114860	80798	80979	115166	391803	128	109	123	111	77	42	52	38	68	48	39	44	3	2	3	8	17	9	9	9	0
*	*	3p	+	11	114415	81184	81018	115202	391819	139	101	104	139	54	46	46	36	64	40	49	35	4	7	4	1	4	7	6	13	0
*	*	3p	+	12	114893	80484	81132	115312	391821	165	91	95	89	55	94	31	44	61	66	40	56	4	3	2	2	14	3	5	6	0
*	*	3p	+	13	114938	81095	80648	115143	391824	112	95	87	111	46	63	40	42	62	66	55	54	1	5	4	1	3	8	8	6	0
*	*	3p	+	14	114464	81346	80864	115153	391827	125	95	97	104	55	54	39	39	48	63	40	45	5	3	3	9	7	7	3	5	0
*	*	3p	+	15	114234	80947	81019	115618	391818	123	106	87	106	67	57	27	28	62	46	34	32	4	1	1	0	7	13	8	3	0
*	*	3p	+	16	114497	80569	81041	115715	391822	107	104	103	96	62	50	37	40	61	42	36	40	5	4	2	0	11	6	3	7	0
*	*	3p	+	17	114827	81166	81024	114803	391820	93	85	112	90	53	61	28	59	48	36	27	42	2	1	2	2	5	11	10	3	0
*	*	3p	+	18	114586	80726	81240	115277	391829	103	83	82	94	57	56	43	41	46	45	40	37	3	4	1	3	6	8	1	5	0
*	*	3p	+	19	114309	81280	80793	115454	391836	75	75	86	64	42	48	30	35	47	58	20	31	2	2	3	0	1	7	3	2	0
*	*	3p	+	20	115115	80958	80757	114999	391829	72	73	78	53	41	42	23	22	36	39	24	33	3	4	2	4	3	3	8	6	0
*	*	3p	+	21	114435	81227	81197	114976	391835	82	62	64	66	39	46	36	32	36	54	33	29	3	1	1	0	1	7	3	3	0
*	*	3p	+	22	115324	80832	80680	115001	391837	70	78	58	71	47	49	27	29	36	46	29	34	6	1	1	0	3	0	3	6	0
*	*	3p	+	23	115173	80937	80513	115199	391822	65	67	70	70	27	33	32	48	20	23	29	29	8	2	1	6	12	7	5	3	0
*	*	3p	+	24	114760	81186	81220	114627	391793	149	150	149	137	73	93	50	62	78	50	58	55	2	5	3	3	16	17	8	15	0
*	*	3p	+	25	115752	80452	80617	114968	391789	158	143	153	140	88	77	43	67	57	63	58	60	3	2	2	6	34	12	8	6	0
*	*	3p	+	26	114736	81144	81139	114782	391801	123	172	161	115	67	76	59	57	74	90	45	52	2	3	4	3	21	6	13	8	0
*	*	3p	+	27	114775	80869	81062	115102	391808	151	160	136	123	76	61	56	56	70	79	49	45	10	9	3	1	22	10	1	8	0
*	*	3p	+	28	115731	80889	80719	114484	391823	140	172	130	124	64	93	50	57	72	80	63	61	12	10	4	2	10	7	4	5	0
*	*	3p	+	29	115210	81091	80723	114787	391811	147	191	122	119	75	65	66	50	84	75	59	69	11	4	2	5	8	11	1	18	0
*	*	3p	+	30	114475	81437	81241	114674	391827	141	247	150	165	87	83	57	60	98	86	58	52	1	1	11	0	5	7	4	6	0
*	*	3p	+	31	111973	78910	78679	111419	380981	133	281	126	143	68	91	48	56	80	63	45	52	4	9	2	4	5	11	3	4	0
*	*	3p	+	32	107458	76352	76682	108456	368948	126	279	116	120	61	72	47	64	63	57	46	59	1	1	6	2	7	8	6	2	0
*	*	3p	+	33	104605	74406	73242	103973	356226	130	243	114	114	73	70	62	54	69	62	54	38	4	1	4	3	4	6	2	6	0
*	*	3p	+	34	101055	71251	71011	99575	342892	134	231	121	97	67	52	36	37	52	65	43	59	5	2	2	2	3	6	3	6	0
*	*	3p	+	35	96436	68383	68443	95901	329163	111	238	103	90	66	61	35	49	59	56	41	52	3	1	0	6	17	3	1	2	0
*	*	3p	+	36	92276	65252	65222	92341	315091	92	228	110	89	43	63	41	35	64	43	35	45	1	4	1	1	8	5	2	3	0
*	*	3p	+	37	88470	62430	62860	87455	301215	101	209	83	77	52	52	44	30	44	62	44	40	4	4	1	1	5	1	1	3	0
*	*	3p	+	38	84316	59823	59453	83869	287461	113	199	92	92	47	55	43	34	55	52	31	35	2	0	0	0	4	2	3	3	0
*	*	3p	+	39	79854	57427	56848	79999	274128	69	187	69	55	37	65	31	22	41	44	31	48	4	2	0	1	7	1	4	1	0
*	*	3p	+	40	76294	54145	54131	75917	260487	84	188	55	74	30	41	38	33	59	41	26	40	1	3	3	2	3	7	0	3	0
*	*	3p	+	41	72758	51686	51387	72177	248008	66	201	101	62	42	44	30	28	34	26	32	31	1	2	2	1	3	1	1	1	0
*	*	3p	+	42	68663	48887	49321	68719	235590	59	198	63	67	42	62	33	37	44	48	30	36	0	2	2	1	4	1	0	5	0
*	*	3p	+	43	64614	45956	46452	65359	222381	60	207	62	48	38	40	31	21	31	34	22	23	1	0	0	4	1	0	3	1	0
*	*	3p	+	44	60859	43765	43838	61033	209495	67	194	63	68	51	37	27	26	31	31	26	27	1	0	0	2	0	1	4	3	0
*	*	3p	+	45	57860	41143	41205	57272	197480	56	180	47	75	34	51	20	25	40	21	24	26	0	5	0	1	2	3	0	1	0
*	*	3p	+	46	54179	38628	38936	54153	185896	51	173	62	49	29	20	28	21	26	36	17	19	3	1	1	2	0	2	1	3	0
*	*	3p	+	47	50831	36690	36569	50513	174603	64	156	42	39	25	30	24	15	26	24	21	26	1	1	0	0	0	0	1	5	0
*	*	3p	+	48	47894	34223	34298	47582	163997	48	170	51	41	21	24	18	22	27	23	19	15	0	1	1	1	1	0	0	2	0
*	*	3p	+	49	44938	32252	32148	44562	153900	46	130	44	28	22	19	13	23	30	22	22	14	0	0	1	0	0	2	1	1	0
*	*	3p	+	50	41720	30223	30157	41861	143961	51	125	37	38	20	17	11	13	19	14	15	20	1	1	1	0	0	2	0	0	0
*	*	3p	+	51	39544	28089	28154	39223	135010	35	117	37	36	20	21	18	13	25	20	14	26	0	0	1	1	0	0	0	1	0
*	*	3p	+	52	36898	26551	26516	36827	126792	28	122	33	21	12	17	14	17	6	15	17	12	0	1	2	0	0	0	0	0	0
*	*	3p	+	53	34496	24786	24918	34535	118735	25	107	31	27	25	9	12	13	13	18	11	16	1	0	0	0	0	1	0	0	0
*	*	3p	+	54	32271	23209	23368	32364	111212	18	84	25	24	11	13	12	11	16	19	13	13	1	0	0	0	0	0	1	0	0
*	*	3p	+	55	30417	21949	21946	29954	104266	19	93	26	24	18	11	11	12	15	14	12	14	0	1	1	0	0	0	0	0	0
*	*	3p	+	56	28343	20371	20309	28708	97731	19	68	24	21	15	13	12	15	5	19	6	12	0	0	0	0	2	0	0	0	0
*	*	3p	+	57	26214	19190	19363	26788	91555	17	65	18	22	10	11	10	9	16	15	8	19	0	1	0	0	0	1	0	0	0
*	*	3p	+	58	24885	18013	18030	24857	85785	30	62	16	12	8	8	12	9	9	16	8	8	0	0	0	0	0	1	1	0	0
*	*	3p	+	59	23555	16782	16714	23044	80095	16	84	17	21	8	7	8	7	9	11	6	6	0	0	0	0	0	1	1	0	0
*	*	3p	+	60	21778	15655	15939	21509	74881	18	65	10	9	11	15	8	12	10	12	14	11	0	0	0	0	0	0	0	0	0
*	*	3p	+	61	20274	14913	14648	20355	70190	15	62	12	13	12	7	5	5	14	12	8	11	1	0	1	0	0	0	0	1	0
*	*	3p	+	62	18882	13969	13847	19158	65856	17	56	20	11	21	12	6	6	2	15	4	13	0	0	0	0	0	0	0	1	0
*	*	3p	+	63	17829	13010	12922	17912	61673	14	65	17	17	11	10	4	7	10	8	7	8	0	0	0	0	0	0	0	0	0
*	*	3p	+	64	16626	12276	12353	16682	57937	23	65	11	22	8	8	9	10	6	9	5	7	0	1	0	0	0	0	0	1	0
*	*	3p	+	65	15411	11229	11358	15643	53641	9	65	10	13	6	10	3	7	7	9	7	9	0	1	0	0	0	0	0	0	0
*	*	3p	+	66	14380	10336	10559	14479	49754	6	46	9	4	9	13	4	7	7	12	6	6	0	0	0	0	0	1	0	0	0
*	*	3p	+	67	13127	9790	9606	13489	46012	11	53	14	10	8	7	6	5	10	8	4	10	0	2	0	0	0	0	0	2	0
*	*	3p	+	68	12338	8872	8987	12233	42430	13	43	10	8	6	4	3	4	4	3	2	5	0	0	0	0	0	0	0	0	0
*	*	3p	+	69	11290	8290	8194	11404	39178	6	44	11	12	5	4	2	6	6	2	4	6	0	0	0	0	0	1	0	0	0
*	*	3p	+	70	10412	7661	7619	10487	36179	10	38	4	5	3	2	4	3	2	7	1	3	0	0	0	0	0	0	0	0	0
*	*	3p	-	1	113601	80257	80327	113754	387939	1639	159	185	296	108	142	72	86	95	143	91	87	0	0	0	0	0	0	0	0	0
*	*	3p	-	2	113705	80889	80756	114699	390049	1096	161	180	209	111	128	56	96	105	169	103	77	0	0	0	0	1	1	0	0	0
*	*	3p	-	3	114619	81126	81444	115076	392265	784	191	178	247	98	117	64	84	109	108	65	61	0	0	0	0	4	1	0	1	0
*	*	3p	-	4	115060	81083	81029	115094	392266	527	151	183	198	100	131	55	83	108	112	89	85	2	2	0	0	5	5	2	1	0
*	*	3p	-	5	114316	81071	81464	115400	392251	432	173	179	202	81	90	56	94	124	115	61	74	2	7	1	2	22	7	5	2	0
*	*	3p	-	6	114454	80942	81412	115439	392247	304	146	180	176	109	87	53	55	99	81	69	57	3	6	4	5	16	13	11	2	0
*	*	3p	-	7	114309	80955	81098	115893	392255	261	159	181	173	85	95	51	67	85	101	57	63	17	14	4	3	11	10	9	9	0
*	*	3p	-	8	114452	80948	81323	115501	392224	202	158	178	165	81	98	82	45	82	110	51	55	5	9	4	10	7	32	21	11	0
*	*	3p	-	9	115146	80860	80970	115261	392237	194	148	158	163	92	72	69	83	79	77	49	57	9	6	5	7	12	25	6	16	0
*	*	3p	-	10	114574	80810	81433	115432	392249	158	120	140	157	65	75	72	65	89	93	63	54	4	4	3	5	20	12	6	11	0
*	*	3p	-	11	114353	81578	80954	115379	392264	191	118	140	143	79	87	61	52	73	80	56	38	7	6	1	3	8	5	9	12	0
*	*	3p	-	12	114866	80907	81106	115365	392244	163	99	150	141	82	80	51	65	71	75	38	54	13	10	9	4	13	31	9	1	0
*	*	3p	-	13	114882	80985	81041	115361	392269	152	127	117	134	72	70	49	48	61	90	58	57	19	4	2	2	3	14	6	6	0
*	*	3p	-	14	114848	80952	81047	115431	392278	160	129	100	122	66	71	44	65	49	62	48	56	6	3	1	6	4	6	5	5	0
*	*	3p	-	15	114964	80833	81033	115439	392269	140	94	108	130	60	79	38	48	63	90	46	46	6	5	1	9	7	9	8	5	0
*	*	3p	-	16	114818	81145	81538	114781	392282	91	82	87	106	50	60	18	33	39	53	32	41	4	3	1	3	8	4	1	3	0
*	*	3p	-	17	115706	80770	80932	114855	392263	120	92	91	100	51	61	40	41	34	67	40	41	3	7	2	9	6	16	6	7	0
*	*	3p	-	18	114838	80930	81031	115483	392282	101	100	101	76	62	82	29	30	47	59	27	39	4	1	2	1	3	8	3	2	0
*	*	3p	-	19	115108	80758	81052	115366	392284	90	77	77	118	39	52	24	45	42	49	24	37	7	3	0	1	2	3	3	6	0
*	*	3p	-	20	115623	80477	80946	115231	392277	72	74	82	86	50	38	25	41	32	45	31	33	0	2	1	5	3	4	12	2	0
*	*	3p	-	21	115001	80934	81244	115109	392288	92	57	81	71	31	49	27	38	34	61	23	32	7	2	3	0	0	5	1	4	0
*	*	3p	-	22	115233	80564	81305	115165	392267	86	57	78	69	35	39	30	32	35	39	27	41	6	6	3	1	14	7	6	4	0
*	*	3p	-	23	115426	80656	81161	115031	392274	79	65	73	75	44	36	24	24	35	31	24	25	2	0	1	5	4	4	7	9	0
*	*	3p	-	24	115458	80864	80897	115050	392269	88	79	87	64	50	56	33	41	59	59	34	40	6	1	3	0	9	9	6	5	0
*	*	3p	-	25	115263	81121	80721	115157	392262	101	82	70	97	43	53	42	44	53	41	27	37	3	0	6	3	10	7	10	9	0
*	*	3p	-	26	115095	81358	81001	114816	392270	91	83	78	87	45	88	61	30	42	45	37	22	5	6	3	2	4	14	3	7	0
*	*	3p	-	27	115138	81506	80929	114710	392283	95	98	76	91	36	46	45	46	49	66	36	32	6	5	1	1	6	4	0	5	0
*	*	3p	-	28	115118	81106	81416	114631	392271	94	100	102	78	49	72	30	50	59	58	44	28	13	6	3	7	3	8	2	14	0
*	*	3p	-	29	115510	80698	81168	114901	392277	92	108	88	88	52	75	31	50	60	60	23	33	3	5	0	6	6	8	4	3	0
*	*	3p	-	30	115502	80925	80698	115161	392286	106	89	90	97	61	66	32	39	52	67	31	51	4	4	3	5	1	4	6	1	0
*	*	3p	-	31	112365	79144	78724	111385	381618	91	100	99	65	51	70	40	58	43	47	52	34	4	0	2	1	5	3	4	5	0
*	*	3p	-	32	108062	76477	76847	108145	369531	112	114	134	86	40	57	51	46	70	52	36	17	4	8	5	6	7	2	2	10	0
*	*	3p	-	33	104280	73691	73800	105034	356805	74	99	79	112	49	61	33	40	39	60	31	40	5	5	0	0	8	7	3	3	0
*	*	3p	-	34	100445	71059	71544	100352	343400	90	92	81	105	72	43	37	29	48	63	38	28	0	1	3	1	0	9	5	1	0
*	*	3p	-	35	96741	68245	68162	96618	329766	62	105	81	86	34	51	25	34	63	42	23	35	2	8	3	0	5	2	1	2	0
*	*	3p	-	36	92732	65124	65246	92619	315721	85	107	83	69	47	46	27	50	46	60	29	46	4	3	0	1	3	7	4	0	0
*	*	3p	-	37	88666	62529	62638	87933	301766	65	114	77	77	43	49	34	42	63	75	21	37	1	1	1	0	0	3	0	8	0
*	*	3p	-	38	84100	59847	59872	83943	287762	68	116	104	71	43	42	39	39	41	55	35	31	4	0	3	0	8	1	1	2	0
*	*	3p	-	39	80454	57005	56541	80255	274255	78	172	75	81	50	55	36	30	47	61	31	23	1	1	3	0	4	2	1	0	0
*	*	3p	-	40	76444	54150	54309	75668	260571	82	164	94	65	34	53	23	31	40	50	34	31	3	1	3	0	2	5	2	0	0
*	*	3p	-	41	72796	51515	51329	72268	247908	68	170	73	72	38	46	28	32	30	40	30	28	3	0	0	1	1	0	2	1	0
*	*	3p	-	42	69120	48778	48807	68570	235275	65	199	62	69	41	47	30	24	40	40	25	26	3	1	0	2	0	3	3	0	0
*	*	3p	-	43	64669	46230	46709	64629	222237	63	170	69	66	34	34	34	26	40	27	24	25	0	1	1	1	3	4	1	1	0
*	*	3p	-	44	61460	43424	43780	60880	209544	70	165	62	57	49	15	25	31	26	30	19	24	5	0	2	0	2	3	3	1	0
*	*	3p	-	45	57922	41110	41340	57125	197497	63	187	43	42	24	29	33	20	33	36	34	19	2	1	0	1	0	1	2	3	0
*	*	3p	-	46	54458	38880	38871	53759	185968	45	161	36	31	34	41	19	22	25	30	19	22	0	0	0	0	0	1	2	0	0
*	*	3p	-	47	50867	36699	36372	50901	174839	48	148	54	39	22	25	23	24	18	17	27	23	1	1	1	3	0	0	1	1	0
*	*	3p	-	48	48068	34525	34243	47695	164531	29	147	51	29	41	27	15	27	20	35	20	17	1	0	1	1	0	1	0	0	0
*	*	3p	-	49	44804	32183	32460	44852	154299	43	144	31	38	17	34	17	13	23	24	20	27	0	0	0	1	1	1	1	1	0
*	*	3p	-	50	42043	30044	30261	41991	144339	30	113	33	33	25	21	14	20	15	26	18	7	0	0	0	1	1	1	0	0	0
*	*	3p	-	51	39607	28137	28217	39285	135246	35	123	27	21	23	18	26	13	14	22	16	18	0	0	0	0	0	0	0	0	0
*	*	3p	-	52	36909	26601	26604	36809	126923	22	107	29	31	18	17	15	24	15	18	10	14	0	0	0	0	0	0	0	1	0
*	*	3p	-	53	34914	24780	24883	34393	118970	31	109	34	28	21	10	11	13	11	25	8	9	1	0	1	1	1	0	0	2	0
*	*	3p	-	54	32493	23326	23185	32346	111350	28	88	31	24	25	11	13	19	27	17	9	10	0	0	0	0	2	0	1	0	0
*	*	3p	-	55	30271	22032	21751	30355	104409	19	83	17	18	15	14	9	16	11	19	10	8	0	0	0	1	2	2	1	3	0
*	*	3p	-	56	28304	20589	20552	28430	97875	18	74	25	19	16	14	3	16	15	15	14	7	1	0	0	0	0	0	0	0	0
*	*	3p	-	57	26547	19085	19390	26697	91719	15	77	27	24	5	21	11	11	24	8	6	12	0	0	0	0	1	0	0	0	0
*	*	3p	-	58	24975	18047	17912	24898	85832	22	81	16	19	10	14	10	6	8	14	5	7	0	0	0	0	0	0	0	0	0
*	*	3p	-	59	23286	16801	16771	23295	80153	16	69	18	10	6	13	9	10	16	6	8	10	0	0	0	0	0	0	0	0	0
*	*	3p	-	60	21936	15722	15784	21602	75044	14	76	20	11	7	5	11	9	8	11	3	7	0	1	0	0	0	1	0	0	0
*	*	3p	-	61	20208	14560	14850	20636	70254	19	71	14	15	7	15	10	6	6	15	8	4	0	0	0	0	0	1	0	0	0
*	*	3p	-	62	19131	13899	13672	19152	65854	11	52	11	10	7	16	5	1	13	12	7	7	0	0	0	0	0	1	1	0	0
*	*	3p	-	63	17709	12896	12924	18107	61636	13	60	16	11	2	15	3	7	14	12	4	3	0	0	0	0	0	0	0	0	0
*	*	3p	-	64	16777	12323	12116	16643	57859	17	68	11	24	8	8	10	6	13	10	5	8	0	1	0	0	0	0	0	0	0
*	*	3p	-	65	15579	11206	11177	15722	53684	12	52	13	12	5	10	7	6	2	4	5	9	1	0	0	0	0	0	0	0	0
*	*	3p	-	66	14416	10442	10485	14427	49770	9	70	9	8	6	13	6	4	9	7	3	2	0	0	0	0	0	1	0	0	0
*	*	3p	-	67	13374	9688	9710	13349	46121	10	49	15	14	8	4	8	9	5	4	4	5	0	0	0	0	0	0	0	0	0
*	*	3p	-	68	12325	9010	9036	12151	42522	11	47	12	5	5	3	5	1	5	6	5	3	0	0	0	1	0	0	0	0	0
*	*	3p	-	69	11373	8224	8324	11221	39142	13	33	10	12	5	14	2	6	7	11	5	3	0	0	0	0	0	0	0	0	0
*	*	3p	-	70	10436	7829	7616	10363	36244	12	48	7	7	9	10	3	2	5	4	3	1	0	0	0	0	0	0	0	0	0
*	*	5p	+	1	115133	81594	80424	114698	391849	170	1643	237	169	98	146	85	93	111	96	65	77	0	0	0	0	0	0	0	0	0
*	*	5p	+	2	115006	80968	81120	114745	391839	108	1049	148	146	81	112	55	55	74	83	51	65	0	0	0	0	7	3	0	0	0
*	*	5p	+	3	115001	81562	81048	114227	391838	128	722	170	138	70	109	47	59	90	86	53	67	0	1	0	0	0	4	0	7	0
*	*	5p	+	4	114910	81206	81250	114451	391817	129	488	146	142	86	99	72	53	87	101	71	78	7	3	2	3	11	6	2	13	0
*	*	5p	+	5	115112	81284	80939	114455	391790	143	375	133	137	106	83	61	64	84	100	68	76	7	7	6	6	16	13	11	19	0
*	*	5p	+	6	114992	81295	81065	114451	391803	134	279	146	150	74	79	46	56	76	71	56	59	15	2	8	4	11	5	5	25	0
*	*	5p	+	7	114834	81416	80779	114772	391801	132	237	151	156	72	92	35	57	92	74	51	57	9	3	6	5	18	17	9	4	0
*	*	5p	+	8	114963	81242	80904	114689	391798	123	196	141	112	75	68	44	84	57	65	45	53	6	20	3	2	24	8	8	11	0
*	*	5p	+	9	114810	80893	81014	115090	391807	117	170	117	103	69	90	68	47	73	66	67	79	1	9	3	4	13	22	4	3	0
*	*	5p	+	10	115457	80905	81552	113909	391823	119	176	119	132	62	72	38	53	75	63	39	56	6	1	5	1	0	5	8	13	0
*	*	5p	+	11	114938	81571	80867	114436	391812	101	143	112	98	64	84	58	53	56	72	39	45	3	8	10	2	11	11	6	9	0
*	*	5p	+	12	115156	81103	81004	114516	391779	110	141	110	91	42	57	44	38	47	66	31	40	7	6	2	3	42	17	4	7	0
*	*	5p	+	13	114695	81319	80815	114997	391826	90	103	86	100	51	54	50	47	54	48	40	37	4	2	2	1	6	3	5	9	0
*	*	5p	+	14	114618	81615	80774	114818	391825	79	117	117	88	62	41	35	35	59	55	31	43	3	3	3	0	4	7	6	7	0
*	*	5p	+	15	115163	81100	80873	114691	391827	100	126	89	109	41	47	31	34	49	46	33	37	3	4	1	4	6	9	2	5	0
*	*	5p	+	16	114714	81321	80979	114822	391836	99	132	96	70	52	48	31	25	59	60	35	41	1	4	2	0	4	5	3	1	0
*	*	5p	+	17	115369	80781	80993	114692	391835	89	80	76	88	45	52	32	35	43	49	26	40	4	0	0	4	7	1	4	2	0
*	*	5p	+	18	114798	81120	81181	114735	391834	74	92	79	83	43	32	32	26	39	38	27	38	0	2	2	2	1	4	8	2	0
*	*	5p	+	19	114570	81249	80988	115025	391832	75	84	57	72	34	36	26	29	30	29	28	30	4	0	3	1	5	5	5	2	0
*	*	5p	+	20	114526	81126	80891	115289	391832	73	85	68	54	40	40	37	32	50	34	38	34	3	0	0	3	5	1	9	2	0
*	*	5p	+	21	114928	80995	81158	114748	391829	89	71	62	62	44	29	32	33	32	43	33	26	6	1	1	2	5	8	5	2	0
*	*	5p	+	22	114464	80915	80875	115581	391835	90	77	67	64	33	48	17	31	22	32	28	34	0	0	2	5	5	4	2	3	0
*	*	5p	+	23	114674	80666	81395	115099	391834	51	68	46	54	38	45	15	34	35	46	20	18	3	1	1	5	3	7	4	1	0
*	*	5p	+	24	114843	81044	80755	115169	391811	73	71	96	82	48	72	37	38	45	59	34	41	7	3	1	2	10	9	6	13	0
*	*	5p	+	25	114512	80887	80875	115536	391810	80	66	102	76	46	32	31	55	56	60	36	36	2	4	2	0	15	5	15	4	0
*	*	5p	+	26	114729	80884	81044	115169	391826	98	82	94	76	56	60	41	36	56	57	28	42	4	4	9	10	8	5	3	7	0
*	*	5p	+	27	114887	80873	80980	115097	391837	95	116	103	91	59	54	30	48	55	61	38	29	2	4	2	5	2	6	1	3	0
*	*	5p	+	28	114863	80753	80871	115337	391824	84	94	92	80	70	53	40	37	63	49	32	38	4	2	2	1	4	9	3	9	0
*	*	5p	+	29	114835	80714	81202	115066	391817	104	68	84	117	61	47	26	41	50	60	50	54	1	5	2	3	13	6	7	6	0
*	*	5p	+	30	115021	80868	80599	115345	391833	99	96	92	124	50	60	43	41	47	55	38	37	1	4	2	1	7	6	1	2	0
*	*	5p	+	31	111196	78855	78436	112492	380979	111	72	97	139	46	95	42	53	56	51	38	26	4	0	2	6	5	6	8	6	0
*	*	5p	+	32	107951	76249	76290	108459	368949	143	103	99	147	85	61	39	39	52	39	42	50	3	4	1	1	4	2	11	5	0
*	*	5p	+	33	103920	73802	73915	104581	356218	140	97	91	107	61	61	39	46	52	75	25	49	4	2	1	6	3	13	8	2	0
*	*	5p	+	34	100255	71073	71074	100489	342891	130	91	94	110	83	78	46	35	65	84	62	49	5	3	0	1	6	10	1	2	0
*	*	5p	+	35	95761	67968	68476	96967	329172	145	98	94	97	69	63	33	31	57	40	51	51	7	10	0	0	7	3	2	2	0
*	*	5p	+	36	91983	65180	65602	92319	315084	137	108	87	125	58	72	51	29	52	52	43	49	0	2	2	2	10	4	4	7	0
*	*	5p	+	37	88389	62397	62391	88013	301190	170	90	95	112	78	99	40	41	55	61	41	53	0	3	0	0	2	5	23	5	0
*	*	5p	+	38	84078	59398	59443	84534	287453	180	110	120	99	40	60	39	44	48	58	43	42	1	0	1	0	7	2	6	5	0
*	*	5p	+	39	79275	57055	57343	80456	274129	189	84	85	89	40	62	35	30	58	53	55	46	0	2	1	0	3	3	6	0	0
*	*	5p	+	40	75837	54120	54070	76461	260488	204	83	75	97	50	56	35	38	47	45	22	43	1	1	1	1	2	4	4	2	0
*	*	5p	+	41	72291	51228	51705	72776	248000	249	86	99	88	53	64	33	37	39	36	55	37	1	0	2	0	2	3	7	2	0
*	*	5p	+	42	68924	48663	49117	68876	235580	217	86	72	93	49	41	42	34	40	52	37	42	1	0	0	0	2	9	4	5	0
*	*	5p	+	43	64639	46602	46312	64832	222385	228	66	62	68	27	49	25	39	39	42	32	24	1	2	0	1	0	0	0	1	0
*	*	5p	+	44	60827	43635	43550	61487	209499	205	82	78	57	43	36	33	25	41	31	30	19	0	1	0	0	2	1	1	0	0
*	*	5p	+	45	57399	41265	41295	57516	197475	193	85	58	73	32	43	31	24	32	29	36	48	1	0	0	0	4	2	4	1	0
*	*	5p	+	46	53962	38757	39187	53990	185896	179	50	62	62	36	27	26	20	33	26	26	30	0	0	1	3	0	1	2	3	0
*	*	5p	+	47	50654	36378	36641	50933	174606	164	48	53	44	40	29	28	17	29	36	18	31	0	0	0	2	1	0	1	1	0
*	*	5p	+	48	47566	34149	34484	47798	163997	165	34	43	45	32	32	22	27	31	24	24	20	1	0	0	0	2	0	0	1	0
*	*	5p	+	49	44789	32116	32213	44785	153903	155	41	53	35	29	24	21	24	22	20	19	25	1	2	0	0	0	0	1	0	0
*	*	5p	+	50	42098	29840	29924	42099	143961	146	44	40	37	31	26	20	22	24	18	21	21	1	0	0	1	0	0	0	2	0
*	*	5p	+	51	39135	28214	28244	39417	135010	121	31	36	41	22	27	11	18	29	24	15	21	1	0	0	2	0	1	0	0	0
*	*	5p	+	52	36733	26601	26572	36883	126789	111	33	34	28	20	18	14	13	14	18	23	17	0	2	0	0	1	2	0	0	0
*	*	5p	+	53	34265	24827	24855	34786	118733	124	22	39	42	27	15	15	12	26	15	14	16	0	0	0	2	1	0	1	1	0
*	*	5p	+	54	32429	23232	23279	32271	111211	94	28	29	36	19	21	12	19	33	20	10	10	0	0	0	1	1	0	1	0	0
*	*	5p	+	55	30367	21729	22017	30150	104263	89	40	28	35	23	13	20	15	11	18	27	15	0	0	0	0	0	2	1	0	0
*	*	5p	+	56	28230	20406	20709	28385	97730	103	24	32	19	20	14	15	10	9	15	7	10	0	1	0	0	1	1	1	0	0
*	*	5p	+	57	26718	19106	19069	26661	91554	90	18	19	23	20	18	13	9	13	9	7	12	0	0	0	0	0	1	1	0	0
*	*	5p	+	58	24646	18094	18002	25045	85787	115	25	17	25	9	11	12	5	11	17	15	14	0	0	0	0	0	0	0	0	0
*	*	5p	+	59	23261	16825	16724	23284	80094	77	21	32	30	9	7	10	12	17	13	13	7	1	0	0	0	1	0	2	0	0
*	*	5p	+	60	21631	15682	15800	21767	74880	76	12	38	23	16	12	8	8	13	16	7	13	1	0	0	0	0	0	0	1	0
*	*	5p	+	61	20393	14544	14731	20516	70184	70	17	22	22	12	19	8	9	10	10	9	12	0	0	0	0	3	0	4	0	0
*	*	5p	+	62	18992	14004	13853	19005	65854	62	19	18	20	8	9	4	8	10	14	6	4	0	1	1	0	0	0	0	3	0
*	*	5p	+	63	17773	12782	13071	18047	61673	66	18	13	11	10	9	8	4	14	10	10	8	0	0	0	1	0	0	0	0	0
*	*	5p	+	64	16706	12176	12115	16941	57938	81	16	10	18	11	9	12	17	7	13	7	3	0	0	1	0	0	0	0	0	0
*	*	5p	+	65	15490	11427	11217	15507	53641	54	19	19	15	9	11	8	10	18	9	7	7	0	1	0	0	0	0	0	0	0
*	*	5p	+	66	14376	10525	10322	14530	49753	50	10	9	17	12	15	6	3	10	4	7	9	0	0	0	0	0	0	0	0	0
*	*	5p	+	67	13285	9883	9581	13265	46014	52	12	17	7	9	14	7	10	5	1	7	3	0	1	0	0	0	0	0	0	0
*	*	5p	+	68	12141	9017	8893	12375	42426	50	16	16	9	7	6	1	9	10	7	3	3	1	0	0	0	0	1	1	0	0
*	*	5p	+	69	11123	8370	8329	11356	39178	53	8	9	10	1	7	2	12	9	7	9	14	0	0	0	0	0	0	0	1	0
*	*	5p	+	70	10389	7670	7633	10476	36168	45	13	13	16	7	5	7	6	8	7	3	4	0	0	0	0	1	0	0	0	0
*	*	5p	-	1	115810	80811	81220	114457	392298	70	1143	103	93	76	91	61	39	95	119	57	49	0	0	0	0	0	0	0	0	0
*	*	5p	-	2	115200	80529	81556	115013	392298	82	742	96	88	36	85	40	48	65	79	36	37	0	0	0	0	0	0	0	0	0
*	*	5p	-	3	115438	81589	81010	114261	392298	57	445	96	97	58	72	45	38	61	53	32	38	0	0	0	0	0	0	0	0	0
*	*	5p	-	4	115792	80686	80925	114895	392298	82	334	145	100	61	90	30	54	60	67	43	42	0	0	0	0	0	0	0	0	0
*	*	5p	-	5	115547	80574	81324	114822	392267	76	232	96	104	71	59	38	53	76	85	46	50	16	3	6	6	4	11	8	8	0
*	*	5p	-	6	115747	81195	81283	114053	392278	69	208	103	103	68	68	38	31	59	92	47	38	5	2	6	7	4	6	2	8	0
*	*	5p	-	7	115380	81070	81538	114270	392258	71	150	103	94	46	79	32	36	42	68	36	34	4	4	4	4	10	17	6	7	0
*	*	5p	-	8	115847	81079	80846	114472	392244	64	126	109	94	53	62	33	31	60	42	45	25	8	6	5	4	23	13	10	8	0
*	*	5p	-	9	115370	80916	80905	115056	392247	98	107	113	89	51	40	31	46	65	51	29	48	1	3	4	5	16	10	8	17	0
*	*	5p	-	10	115279	81283	80695	115014	392271	81	109	93	79	49	69	39	36	52	75	35	20	7	4	2	3	5	12	3	7	0
*	*	5p	-	11	114844	81316	80858	115252	392270	83	105	87	64	38	60	38	37	52	61	35	26	6	6	5	0	12	8	5	3	0
*	*	5p	-	12	115158	80907	81217	114998	392280	92	99	84	75	52	56	36	39	48	42	46	34	12	0	0	2	4	3	7	4	0
*	*	5p	-	13	115040	80812	81020	115399	392271	85	121	108	62	37	47	33	37	52	53	38	31	4	4	2	4	6	7	10	4	0
*	*	5p	-	14	115211	81102	80758	115211	392282	81	100	90	73	37	49	41	31	45	47	27	45	5	4	0	2	1	6	4	5	0
*	*	5p	-	15	115492	81042	80660	115086	392280	72	99	90	86	44	52	35	38	39	47	26	35	3	7	3	1	1	6	2	9	0
*	*	5p	-	16	114656	81332	81205	115091	392284	77	101	91	102	44	58	33	49	44	49	25	32	4	5	0	2	5	2	1	6	0
*	*	5p	-	17	115175	81508	80908	114676	392267	91	109	84	83	47	56	43	45	49	33	25	27	3	4	1	0	7	3	12	9	0
*	*	5p	-	18	115536	80889	80821	115045	392291	89	94	82	73	58	56	31	42	37	39	23	26	5	2	1	4	2	4	1	0	0
*	*	5p	-	19	115033	80829	81220	115200	392282	61	57	61	99	34	40	23	19	34	42	22	33	3	4	3	1	1	8	2	5	0
*	*	5p	-	20	115187	80842	81260	114995	392284	57	70	75	62	22	52	28	36	39	42	20	23	1	0	1	1	4	2	4	4	0
*	*	5p	-	21	115140	80929	80913	115304	392286	70	66	54	51	29	41	28	28	29	41	25	24	9	3	1	1	3	2	6	1	0
*	*	5p	-	22	115270	80499	81134	115371	392274	56	45	43	48	26	46	31	33	36	34	26	34	3	3	1	3	2	12	4	6	0
*	*	5p	-	23	115072	80351	81575	115282	392280	65	58	63	63	34	44	21	38	41	43	13	15	1	1	2	1	3	10	1	4	0
*	*	5p	-	24	115327	80604	80961	115369	392261	152	137	145	144	61	67	55	47	71	101	51	59	1	5	3	5	8	5	10	14	0
*	*	5p	-	25	114538	80921	81323	115458	392240	179	144	135	148	69	79	77	64	64	86	51	69	7	2	3	5	10	37	6	5	0
*	*	5p	-	26	115224	80335	80979	115702	392240	160	131	130	161	74	89	44	76	78	96	60	65	13	7	3	4	20	17	12	9	0
*	*	5p	-	27	114493	80819	82086	114862	392260	213	138	124	157	98	94	54	72	76	105	71	62	7	7	4	3	8	19	6	5	0
*	*	5p	-	28	115072	81374	81127	114700	392273	206	129	144	161	79	89	41	59	78	87	56	51	19	8	4	7	8	13	3	1	0
*	*	5p	-	29	115233	80994	80681	115357	392265	263	161	132	155	92	92	48	66	78	87	57	55	13	10	4	10	12	12	4	5	0
*	*	5p	-	30	114703	80823	81637	115092	392255	242	146	156	139	98	99	42	53	87	95	55	62	6	3	1	6	10	13	10	10	0
*	*	5p	-	31	112035	78904	78457	112219	381615	296	160	136	156	70	90	57	60	96	93	51	46	2	6	1	2	2	4	8	6	0
*	*	5p	-	32	108069	76528	75918	108995	369510	261	142	146	135	83	73	58	71	72	87	55	45	0	2	3	2	3	17	19	3	0
*	*	5p	-	33	104761	73154	74376	104516	356807	277	125	153	175	72	80	55	58	65	76	60	69	9	1	1	2	7	4	4	4	0
*	*	5p	-	34	100307	71106	71253	100733	343399	270	124	171	125	58	88	47	66	70	103	48	60	0	8	0	9	10	4	1	1	0
*	*	5p	-	35	96611	68610	68248	96291	329760	298	127	121	167	71	68	56	68	72	66	38	54	7	4	4	2	7	4	3	2	0
*	*	5p	-	36	91588	65376	65470	93289	315723	264	130	127	152	72	58	49	61	72	77	36	30	2	2	3	1	1	7	2	2	0
*	*	5p	-	37	88254	62354	62429	88728	301765	253	100	108	162	81	78	53	53	56	67	41	41	5	1	0	1	4	2	3	3	0
*	*	5p	-	38	83889	59508	59794	84567	287758	216	118	114	123	80	72	50	55	53	71	43	53	2	2	0	2	3	7	3	3	0
*	*	5p	-	39	80166	57050	56796	80234	274246	246	112	105	133	40	59	36	45	53	74	39	30	1	1	1	0	11	2	1	2	0
*	*	5p	-	40	75982	54047	54023	76521	260573	248	89	88	96	57	50	32	43	46	40	38	41	2	3	4	0	3	2	0	2	0
*	*	5p	-	41	72788	51401	51379	72335	247903	217	68	82	144	61	50	27	41	32	62	49	30	0	0	0	0	3	4	0	2	0
*	*	5p	-	42	68011	49447	49076	68738	235272	239	64	84	104	32	58	33	37	45	54	39	36	0	0	2	2	4	3	2	0	0
*	*	5p	-	43	64700	46444	46325	64767	222236	224	83	73	74	40	47	24	32	30	65	23	36	2	4	1	2	1	3	1	5	0
*	*	5p	-	44	60866	43705	43580	61397	209548	184	75	71	73	39	38	29	29	41	48	25	30	1	2	1	1	0	1	2	2	0
*	*	5p	-	45	57611	41285	41201	57401	197498	214	57	55	65	65	40	24	25	41	33	25	25	1	7	1	0	3	1	0	1	0
*	*	5p	-	46	53825	39043	38687	54410	185965	195	47	55	51	29	42	27	30	34	43	17	32	2	0	0	3	3	2	1	0	0
*	*	5p	-	47	51074	36522	36266	50971	174833	187	68	50	58	33	36	33	30	41	35	19	23	2	0	1	0	0	3	5	0	0
*	*	5p	-	48	47714	34608	34292	47915	164529	150	53	70	57	29	32	20	26	32	27	23	27	0	3	0	0	1	2	0	0	0
*	*	5p	-	49	44897	32237	32280	44886	154300	186	33	39	56	23	27	14	18	26	25	18	21	1	1	1	0	2	1	0	0	0
*	*	5p	-	50	41639	30191	30329	42182	144341	147	36	41	31	25	18	22	22	30	21	29	22	1	0	0	2	0	0	0	0	0
*	*	5p	-	51	39067	28453	28647	39079	135246	142	36	40	36	17	24	13	18	15	22	14	14	1	1	2	0	0	0	0	0	0
*	*	5p	-	52	36659	26611	26544	37109	126923	128	32	36	44	23	25	16	27	19	25	20	15	1	1	1	1	0	1	0	0	0
*	*	5p	-	53	34310	24615	25183	34861	118969	131	33	30	29	29	18	18	22	21	16	14	17	1	1	0	0	1	1	2	0	0
*	*	5p	-	54	32037	23484	23550	32279	111350	110	33	29	48	18	24	21	25	15	18	10	8	0	0	0	1	1	2	0	0	0
*	*	5p	-	55	30576	22013	21768	30057	104414	100	19	34	36	15	11	10	12	17	27	15	14	0	0	0	2	1	1	0	1	0
*	*	5p	-	56	28391	20461	20875	28145	97872	88	17	24	24	18	13	10	14	10	10	19	16	1	0	0	0	1	1	0	1	0
*	*	5p	-	57	26499	19577	19141	26501	91718	90	19	30	32	15	17	9	13	15	18	20	10	0	0	0	0	1	0	0	1	0
*	*	5p	-	58	25018	17993	17963	24858	85832	80	22	29	24	11	15	9	5	15	15	16	7	0	0	0	0	0	0	0	0	0
*	*	5p	-	59	23418	16788	17029	22917	80152	80	28	18	20	16	14	15	16	7	18	15	9	0	0	0	0	0	0	1	0	0
*	*	5p	-	60	21745	15878	15775	21645	75043	63	22	29	19	11	12	7	9	13	12	12	13	0	0	0	1	0	0	2	0	0
*	*	5p	-	61	20307	14752	14821	20371	70251	76	10	16	23	9	21	11	9	11	17	13	9	0	2	0	0	3	0	0	1	0
*	*	5p	-	62	18994	13871	13890	19099	65854	71	12	27	24	12	16	6	14	7	21	9	8	0	1	0	1	1	0	0	1	0
*	*	5p	-	63	17740	13034	13049	17813	61636	78	17	25	18	6	9	6	6	9	9	12	9	0	0	0	0	0	0	0	0	0
*	*	5p	-	64	16763	12137	12232	16727	57859	74	15	26	19	14	17	12	8	8	8	7	10	0	0	0	0	0	0	0	0	0
*	*	5p	-	65	15513	11059	11406	15703	53681	61	14	13	18	11	15	8	9	10	9	14	6	0	0	0	0	1	0	1	1	0
*	*	5p	-	66	14554	10477	10333	14407	49771	58	10	20	16	12	9	2	2	13	9	4	3	0	0	0	0	0	0	0	0	0
*	*	5p	-	67	13290	9610	9799	13420	46119	54	15	7	13	5	7	8	8	13	3	7	7	0	0	0	0	0	0	0	0	0
*	*	5p	-	68	12415	8818	8822	12464	42519	61	9	15	9	6	5	5	4	6	3	4	3	0	1	0	0	0	0	0	0	0
*	*	5p	-	69	11269	8040	8410	11418	39137	42	9	5	7	2	9	6	5	6	7	5	9	0	0	0	0	1	0	0	0	0
*	*	5p	-	70	10313	7746	7656	10520	36235	51	13	14	10	8	8	8	6	5	8	4	5	1	0	0	0	0	0	0	0	0
